734 427
64 78
82 21
62 44
76 33
63 20
90 98
40 44
2 15
77 62
66 73
75 78
87 83
52 4
4 66
69 22
32 69
46 62
16 92
1 76
19 21
23 84
52 15
25 65
38 67
35 39
2 59
66 43
59 98
51 4
75 59
29 57
31 71
22 55
72 59
74 37
82 39
29 5
90 61
77 76
91 44
46 86
26 1
25 12
52 44
39 44
98 48
44 79
56 38
67 44
4 92
90 68
17 8
93 13
10 71
57 93
63 15
53 35
25 59
15 17
84 86
62 69
1 38
57 55
24 13
65 43
68 16
22 50
100 37
65 74
69 30
3 85
75 72
92 89
74 74
92 2
11 89
24 25
22 60
74 10
90 28
43 82
4 72
17 70
54 47
48 33
3 91
18 70
87 89
2 7
100 21
10 26
97 61
39 100
23 33
72 77
57 48
100 40
50 70
46 2
57 33
13 51
11 76
80 45
41 30
5 17
89 32
51 20
22 62
60 77
72 5
70 27
5 18
1 28
3 57
30 80
74 74
22 24
31 77
34 9
100 57
29 42
89 39
59 34
14 53
100 88
80 10
70 8
32 93
24 43
6 38
28 17
86 79
53 24
70 8
52 9
34 67
84 37
97 23
23 93
91 11
67 91
88 51
31 100
57 67
69 71
48 50
93 64
77 15
54 26
59 55
84 15
81 11
2 19
7 25
83 75
63 8
12 80
99 60
91 53
46 24
42 17
73 61
7 63
74 35
64 87
8 95
39 22
55 59
98 79
46 56
25 14
90 12
79 27
86 16
72 81
5 28
64 1
98 43
24 91
97 60
93 13
5 39
63 2
13 13
85 37
68 48
96 79
65 91
75 11
88 69
60 73
73 23
90 57
16 5
30 30
98 23
69 94
24 6
67 10
58 2
16 64
2 10
92 87
93 64
30 70
39 1
94 74
36 45
62 24
85 13
14 31
45 82
8 44
11 7
64 42
6 70
80 5
32 89
60 51
70 90
13 71
4 55
5 85
82 13
10 51
6 45
53 85
56 69
81 23
33 60
2 59
51 61
70 90
21 6
67 21
37 25
94 97
94 42
57 57
40 2
62 100
2 82
83 30
36 53
51 94
59 35
46 43
3 35
7 95
24 79
61 93
27 25
93 23
61 77
32 41
92 10
74 33
22 82
59 82
18 26
56 13
71 84
96 68
17 15
73 76
4 10
42 46
68 61
2 35
6 38
48 21
71 20
79 12
79 48
100 66
40 35
90 71
14 54
64 96
92 11
99 89
2 16
29 13
45 65
46 83
69 82
5 18
71 28
22 90
81 2
81 81
58 92
24 37
10 36
25 70
82 62
34 93
69 97
57 64
3 18
82 65
7 84
21 19
84 3
29 7
44 28
78 71
11 35
31 75
11 37
4 44
96 37
96 34
31 78
3 92
31 82
35 5
4 5
70 96
63 1
85 79
20 56
24 19
42 76
94 70
11 28
82 46
60 25
94 47
26 82
27 36
75 88
11 74
24 98
80 12
46 83
76 29
75 23
94 88
33 71
8 24
11 35
17 47
90 62
34 41
31 89
1 78
77 94
3 24
86 72
17 5
93 43
71 30
88 77
38 69
70 68
97 49
74 8
2 14
69 44
51 83
49 46
51 60
96 71
77 92
36 77
34 97
100 96
96 58
41 66
60 77
97 43
96 45
42 62
22 1
45 55
87 80
46 22
90 49
88 33
2 57
67 55
2 14
56 23
40 53
40 12
69 27
85 29
41 39
56 59
26 45
77 40
18 43
43 23
1 88
60 10
98 4
41 51
92 4
97 6
93 19
39 94
70 45
69 82
95 25
80 75
34 58
4 64
1 11
95 94
80 49
97 22
32 18
47 50
54 49
84 6
14 1
76 46
59 41
64 79
91 4
7 94
62 48
69 13
21 54
65 7
41 22
