844 751
78 70
73 27
5 87
31 77
5 39
18 84
94 4
50 86
2 82
48 72
14 54
63 39
70 13
80 39
45 40
77 31
55 73
36 51
9 46
14 96
53 50
100 26
60 16
4 66
33 1
62 98
81 50
17 10
34 15
61 15
93 89
78 29
34 16
19 78
82 51
54 29
76 98
12 45
13 41
91 52
99 22
75 34
67 77
94 51
84 11
61 9
35 4
60 96
56 83
15 20
55 20
99 10
64 92
29 100
17 81
59 28
99 55
78 42
43 30
54 69
8 23
14 88
75 60
50 77
42 33
20 99
23 45
97 26
67 51
30 44
19 32
86 7
38 62
54 58
7 66
58 88
92 87
27 69
2 19
84 39
14 79
53 51
60 29
85 23
14 22
65 34
46 79
51 35
89 95
27 17
92 47
78 35
66 13
83 55
76 14
51 98
31 26
73 91
52 34
82 46
49 37
70 75
7 35
36 36
80 37
38 86
36 100
24 100
65 70
12 58
15 52
28 86
96 17
6 55
86 69
59 32
75 8
56 55
68 31
34 61
32 45
95 97
5 18
85 59
64 37
67 46
93 87
39 14
85 49
49 55
92 20
22 35
30 11
9 66
8 54
65 29
90 34
84 47
56 88
9 71
32 32
88 55
66 80
31 85
40 38
70 37
13 67
4 42
43 9
68 84
80 40
84 22
3 93
46 88
88 90
72 94
93 70
42 70
27 90
5 78
67 55
10 67
39 48
2 45
58 46
43 21
72 18
65 26
81 43
10 65
17 21
27 9
84 42
55 14
20 82
84 97
95 25
56 20
40 77
80 2
82 36
36 41
14 18
66 21
32 87
68 97
13 42
51 36
22 91
5 99
97 70
96 100
56 25
50 69
42 22
90 56
75 70
27 31
32 12
33 11
40 44
78 22
74 87
68 35
15 52
2 61
51 5
42 60
53 90
19 58
8 94
54 94
84 46
20 18
32 3
68 71
68 28
73 25
17 78
27 59
82 9
88 89
14 79
9 28
99 80
19 66
97 8
71 14
47 52
22 57
62 45
45 94
69 88
32 29
97 71
20 37
66 39
5 38
95 16
18 46
55 60
47 56
51 67
61 92
79 65
78 29
42 100
84 13
12 28
22 33
96 14
87 72
98 67
81 57
28 1
86 75
70 20
79 23
31 46
93 90
14 33
81 2
13 42
34 77
57 60
7 10
29 67
72 11
69 16
75 30
88 59
77 84
30 23
73 5
18 15
94 60
35 99
10 71
32 63
61 55
66 89
80 78
10 22
72 67
91 40
8 99
5 85
7 74
56 35
81 84
9 34
1 43
93 94
21 57
12 64
14 25
4 82
19 10
50 98
29 42
62 60
92 8
71 29
68 87
49 57
2 30
29 82
16 35
84 5
36 7
99 94
90 25
21 4
31 23
95 2
45 72
71 38
70 69
25 97
5 27
62 30
81 33
2 54
78 77
48 95
44 90
8 90
10 54
46 89
89 26
80 11
36 79
20 17
64 33
14 3
26 38
26 92
26 8
18 68
43 7
27 87
42 61
59 41
23 12
37 84
42 78
38 66
15 82
24 47
73 82
84 51
72 62
85 42
69 38
36 65
8 1
64 53
55 20
87 93
81 34
5 81
67 46
30 72
48 75
18 68
78 89
100 12
83 1
45 37
50 75
92 53
71 20
88 17
80 27
58 22
16 49
91 39
68 97
43 62
61 6
48 95
87 22
84 3
44 65
56 15
51 6
73 70
61 39
12 59
56 22
85 25
26 74
57 13
94 90
12 65
75 98
37 9
90 69
64 67
64 47
93 68
6 64
7 49
2 67
6 29
70 31
66 5
86 9
81 10
18 15
78 56
47 82
22 67
77 69
70 25
74 19
61 30
32 88
28 67
55 83
72 39
38 26
54 34
32 35
23 69
48 31
82 25
26 32
82 53
56 69
35 44
13 54
12 45
5 22
50 29
23 57
52 21
13 73
87 88
15 91
75 52
54 26
41 38
67 43
31 82
91 49
36 26
64 65
91 26
23 45
22 85
27 45
70 90
3 70
16 35
36 27
14 46
10 63
93 79
81 79
53 79
98 31
47 60
15 15
26 91
64 38
100 35
23 48
89 48
67 44
93 67
78 46
51 58
9 28
16 96
53 46
8 49
58 81
20 78
30 23
26 58
60 49
18 4
93 12
75 92
89 13
81 7
81 61
52 57
83 73
93 51
20 13
54 40
94 66
22 46
29 34
16 71
79 63
2 99
37 48
64 74
82 57
85 12
37 93
51 24
22 71
27 2
7 99
73 89
37 11
87 94
92 50
24 83
62 96
49 58
20 56
90 81
17 17
40 31
54 50
92 38
82 23
50 58
83 99
18 8
76 32
46 31
51 22
2 72
87 48
97 48
10 43
83 93
47 78
78 44
62 81
21 72
14 11
70 48
56 69
36 24
73 84
17 97
8 97
67 83
91 94
42 57
94 97
49 5
76 17
71 53
82 29
34 93
62 11
63 90
32 28
34 91
58 58
13 44
75 89
14 2
18 90
49 78
35 28
26 57
25 41
49 20
30 56
51 85
27 81
55 50
84 61
42 94
80 68
79 45
45 70
65 10
84 91
70 74
60 35
36 21
34 58
89 1
27 73
83 23
30 67
96 75
85 24
59 36
85 74
61 33
61 50
71 74
65 33
28 62
28 16
84 50
81 80
68 84
68 72
86 36
44 25
2 70
54 95
85 89
36 97
79 57
94 61
74 33
68 7
61 25
63 16
55 55
48 99
66 23
16 22
46 55
53 5
11 89
69 75
42 8
40 89
61 95
68 33
4 3
38 66
9 94
43 34
14 65
34 49
84 9
26 45
63 94
97 3
11 19
54 17
39 53
67 72
62 86
3 98
98 63
93 8
62 16
39 73
83 17
12 2
47 2
67 76
3 69
90 77
35 79
37 22
22 37
9 90
69 74
8 79
46 55
19 79
23 82
39 5
29 84
48 83
87 17
56 25
30 38
46 73
89 18
94 55
78 100
74 91
7 55
26 46
5 48
4 14
70 56
30 92
39 71
29 76
84 56
91 14
7 11
100 36
39 9
67 77
45 83
35 99
68 10
41 62
45 24
75 92
18 42
35 77
79 59
64 89
97 94
19 38
29 30
61 91
51 69
85 50
86 98
47 47
96 20
73 88
47 81
82 21
5 58
87 98
100 97
72 39
98 86
99 8
12 67
96 23
94 90
71 15
73 80
41 82
84 19
8 97
96 21
17 80
65 89
35 89
19 80
1 94
16 35
69 66
6 20
21 8
1 66
95 56
55 61
62 46
57 44
78 31
62 82
86 11
96 50
69 21
65 88
89 35
59 7
64 56
35 53
46 39
97 100
58 54
13 36
24 34
73 75
