627 859
24 99
95 90
4 42
30 72
83 18
63 80
58 23
24 25
8 46
64 92
96 85
68 49
20 28
77 4
54 35
69 73
85 68
99 39
35 54
71 20
27 98
23 75
53 67
41 37
12 29
65 78
77 38
10 11
91 7
26 15
79 48
31 31
56 93
88 25
89 4
73 84
19 81
9 20
94 52
52 23
16 59
73 75
77 28
55 44
84 99
7 87
61 99
33 49
4 26
72 65
88 18
55 35
43 88
87 70
10 64
31 82
47 45
32 24
83 75
100 45
87 79
63 55
77 71
15 58
23 79
64 28
2 35
61 55
30 96
36 2
88 68
11 94
35 13
25 100
31 57
39 17
24 26
70 24
86 41
18 19
72 45
88 34
46 66
42 100
69 17
58 43
7 78
96 59
41 9
92 90
15 17
36 88
49 49
68 64
93 18
92 63
33 98
74 5
6 32
59 99
72 19
90 54
46 54
97 20
97 57
12 21
70 99
64 35
82 32
75 20
38 37
20 38
52 3
34 83
45 16
58 3
33 63
41 90
71 73
47 31
47 76
38 53
26 59
79 95
55 23
96 76
35 53
33 47
35 64
66 85
8 95
9 27
50 33
87 76
3 27
51 59
69 97
15 35
17 73
36 46
21 79
54 31
72 13
97 29
21 53
100 5
71 47
13 33
24 33
63 38
39 82
86 27
44 81
56 22
35 5
22 66
95 70
28 51
91 84
12 64
20 52
63 39
37 81
49 14
2 61
19 86
62 68
28 73
40 15
36 18
2 54
41 88
69 33
99 26
47 38
94 83
18 38
9 84
99 86
8 20
79 98
75 33
75 79
69 32
6 91
6 82
5 30
58 6
79 90
82 19
55 70
25 21
64 52
3 50
46 80
47 38
47 20
67 77
32 84
52 43
2 82
27 39
44 31
21 3
47 2
60 28
56 51
63 21
98 92
18 85
46 47
9 65
53 59
33 97
38 26
98 72
97 32
58 54
60 17
39 16
56 55
34 18
89 82
28 22
27 26
49 66
90 41
18 61
48 49
10 75
55 7
41 27
66 66
62 100
93 9
58 88
49 28
39 87
85 15
6 21
32 42
6 96
38 80
93 10
59 8
18 78
80 59
49 10
42 16
50 36
91 72
5 17
13 10
96 14
50 8
44 66
50 82
100 96
49 6
72 54
31 57
79 64
55 1
50 99
49 10
54 55
17 52
22 91
3 77
64 56
39 24
33 29
28 94
63 92
13 18
69 48
37 48
20 81
87 55
95 83
50 94
53 35
62 2
50 93
84 50
53 58
43 21
39 45
48 98
22 74
67 18
58 48
78 92
23 94
20 6
74 5
59 60
86 49
29 89
18 93
47 81
49 69
23 93
76 87
85 23
99 27
63 69
21 11
71 18
72 61
14 98
60 19
95 51
84 33
98 18
26 3
92 9
44 34
30 11
2 89
77 64
31 48
65 22
94 43
5 60
38 79
73 42
87 9
66 9
40 27
47 38
95 29
34 37
98 58
38 23
5 42
73 66
7 52
97 85
75 5
30 23
52 48
47 39
33 97
88 49
16 22
59 59
24 60
86 43
99 43
48 60
78 46
6 72
32 27
41 30
35 73
87 30
61 69
2 17
16 74
28 19
69 92
13 89
64 62
96 4
23 11
12 58
82 17
73 55
10 39
56 79
41 31
3 77
71 38
89 58
98 95
26 67
38 94
41 36
22 10
56 59
46 88
38 74
8 81
56 54
55 67
82 22
86 23
98 6
81 22
2 78
48 35
85 100
38 75
44 22
81 62
44 93
8 10
64 1
27 46
12 11
58 62
76 64
88 65
86 54
18 100
37 21
79 4
16 31
56 74
73 82
38 56
42 42
18 14
62 56
39 93
28 8
3 62
1 15
13 17
82 66
16 62
29 84
4 45
63 14
90 8
93 49
89 7
32 70
88 26
4 62
70 94
40 89
60 90
76 41
82 52
11 43
43 76
67 63
88 27
48 53
43 40
25 26
90 41
12 35
77 45
95 34
50 77
33 17
20 80
89 15
58 32
44 31
2 92
89 51
57 49
20 16
32 4
92 15
5 25
1 65
51 6
3 66
56 94
1 26
68 94
35 69
86 58
83 46
10 90
10 61
98 62
95 81
98 33
52 1
80 7
39 48
27 41
85 86
70 16
71 91
40 40
98 46
24 71
93 6
53 45
45 99
6 42
45 95
81 8
47 51
56 11
3 6
29 16
10 39
45 79
79 47
34 13
73 49
17 9
22 82
18 89
28 52
68 98
57 30
46 62
65 76
31 63
57 21
61 23
46 68
4 19
84 24
70 83
79 97
62 49
81 73
27 66
69 93
47 97
71 6
8 84
41 57
46 42
93 65
91 11
55 33
28 62
45 6
14 16
69 27
88 10
49 24
6 88
59 25
74 88
48 22
20 42
47 53
78 100
34 75
23 8
26 18
69 89
59 19
2 16
5 97
74 76
7 99
25 75
91 61
56 36
26 47
78 34
71 75
30 77
93 6
38 73
100 20
43 11
50 74
79 38
34 71
53 65
64 18
18 77
70 39
37 10
15 88
37 79
15 6
69 36
3 22
36 65
34 34
91 89
5 43
37 10
53 33
88 51
40 94
7 4
75 27
73 68
49 60
13 32
91 52
46 55
41 36
92 72
54 97
75 31
48 9
72 41
32 75
17 84
22 77
75 70
3 2
9 90
39 95
29 7
66 54
4 39
21 42
4 74
37 12
45 89
96 41
93 21
28 63
12 59
9 63
27 58
18 61
19 82
37 4
1 51
7 37
12 8
15 91
57 26
94 76
84 77
91 25
12 26
22 80
48 8
61 57
34 99
78 100
37 65
31 54
17 22
14 59
36 77
14 27
100 98
12 5
35 62
31 16
56 8
14 95
22 90
68 87
97 79
91 98
6 43
25 11
47 3
88 20
67 17
69 36
17 10
18 17
65 44
99 22
75 84
73 87
65 47
90 73
11 12
35 95
3 58
89 78
67 73
28 81
15 91
67 45
37 47
23 92
83 48
4 73
25 68
77 91
80 47
2 54
30 33
83 54
91 96
7 29
11 71
21 47
77 72
53 23
53 34
5 31
31 87
70 41
23 26
22 69
84 15
14 32
67 46
95 43
57 65
93 85
95 100
82 70
6 6
55 27
52 87
54 86
17 58
56 15
1 56
70 31
95 76
60 51
21 24
70 2
3 91
41 18
100 28
32 57
26 73
56 48
55 1
67 39
70 31
21 13
98 30
56 92
84 81
50 80
66 43
14 4
68 32
56 76
10 10
64 16
78 69
48 32
26 1
6 91
41 93
62 2
83 46
42 98
69 28
89 40
49 91
31 28
45 80
67 45
83 14
66 43
85 75
12 63
56 43
17 96
36 75
40 95
20 35
46 97
70 21
5 6
19 86
49 24
7 43
13 65
18 38
19 97
83 9
46 51
89 84
90 46
28 81
4 92
100 84
17 65
37 42
26 1
9 74
35 98
78 74
1 8
13 54
14 1
2 47
46 18
56 99
30 72
20 68
38 53
54 40
11 7
26 39
24 73
19 42
2 46
68 19
46 63
43 43
97 14
93 74
69 12
61 7
17 76
6 83
92 72
65 31
12 54
89 21
47 95
52 89
95 50
42 90
25 88
33 94
44 63
90 20
37 84
6 90
19 79
37 47
42 17
13 75
89 68
63 27
42 2
89 42
98 10
30 96
11 30
64 66
26 98
22 60
81 57
69 57
69 60
27 38
87 8
32 16
3 19
11 43
46 86
80 69
8 50
26 64
96 7
24 66
38 13
66 25
91 39
2 33
81 53
99 58
26 64
35 59
57 1
89 88
5 67
85 41
75 94
92 51
49 52
30 59
26 9
