70 874
11 96
24 36
48 19
94 7
49 35
5 84
37 17
84 73
44 53
24 74
97 42
8 63
53 48
6 22
29 28
62 12
67 45
74 61
75 86
69 49
79 67
39 47
20 75
54 48
49 43
98 91
96 18
97 87
35 31
2 6
49 77
51 56
1 1
60 5
60 67
13 54
51 3
5 47
4 37
100 33
40 59
1 4
49 25
24 89
63 61
28 55
92 49
67 63
42 4
37 37
29 99
96 61
32 81
66 67
54 75
93 37
74 49
93 49
8 77
1 36
64 34
8 97
42 73
97 68
25 84
68 81
61 61
7 65
14 31
87 23
50 23
91 90
87 44
85 44
58 16
73 97
55 9
20 51
63 10
66 72
22 91
75 53
18 46
73 64
70 32
90 1
36 62
29 90
78 38
8 66
30 81
32 76
32 25
59 67
69 4
89 31
68 46
58 41
34 91
27 31
76 97
89 90
16 2
1 90
61 50
14 12
41 36
36 96
18 50
13 29
45 45
50 74
97 51
7 43
27 87
34 47
13 73
93 77
21 10
38 6
39 40
80 72
33 19
29 50
12 10
87 36
89 28
50 56
53 47
51 99
66 71
49 1
34 99
40 59
39 61
63 58
46 9
97 60
54 14
74 96
86 67
18 13
26 45
84 66
65 84
94 87
31 32
96 93
65 17
13 52
5 20
3 34
96 22
11 15
89 56
5 86
9 13
53 76
63 40
42 6
81 10
71 98
22 62
75 4
47 30
38 82
61 85
56 61
45 83
46 46
7 66
43 19
54 99
98 73
66 73
61 53
64 62
69 42
18 22
43 95
75 67
21 33
98 2
27 16
39 96
5 88
96 22
14 79
38 100
63 17
13 94
43 83
36 17
54 71
32 44
4 43
80 30
81 10
93 54
43 70
9 82
54 88
91 39
59 53
64 57
57 97
10 6
70 61
12 18
86 70
100 16
81 45
39 82
8 12
75 89
77 93
67 46
6 29
91 8
20 30
56 97
29 1
18 80
8 63
87 36
39 55
33 29
53 59
58 77
91 75
10 7
80 38
98 66
32 37
94 59
79 57
59 31
15 17
96 9
76 94
98 41
50 50
62 98
75 30
90 80
60 57
62 12
3 95
93 74
49 83
88 13
37 76
36 8
7 17
16 95
21 74
20 79
36 27
76 6
21 100
73 48
61 81
58 18
46 45
30 47
52 67
86 39
11 63
31 7
52 72
11 1
98 32
8 29
94 57
87 48
23 72
48 71
18 100
29 27
47 17
75 14
56 38
49 27
14 92
41 53
34 37
29 46
65 66
5 47
36 51
6 40
48 62
76 70
88 5
90 43
66 63
9 46
6 57
88 93
41 39
76 30
13 24
34 1
100 34
6 34
79 83
27 60
49 48
41 71
60 80
20 98
40 70
23 96
66 98
21 36
83 88
71 52
85 87
10 51
62 86
9 92
23 80
72 39
59 58
69 57
44 89
75 76
90 68
85 82
36 71
73 71
13 4
57 75
50 84
86 81
7 17
86 7
6 43
1 87
25 77
93 64
77 31
18 72
23 98
49 33
88 78
100 64
94 7
69 24
32 10
25 83
52 21
12 21
10 85
73 91
81 12
22 69
71 79
69 57
39 15
47 39
27 48
92 40
89 46
50 6
74 99
29 60
81 95
50 64
88 28
13 49
94 90
74 2
47 3
29 55
3 13
32 54
76 41
39 73
84 71
33 49
11 78
94 47
6 77
66 97
49 79
43 81
79 28
86 44
89 73
93 24
78 53
50 27
78 40
73 6
54 10
31 82
42 24
23 7
66 23
31 50
25 10
6 43
62 31
1 99
67 25
39 54
86 45
49 87
56 49
29 91
92 89
43 48
37 26
76 61
38 99
73 89
57 24
29 55
79 97
85 56
81 12
12 71
5 98
16 95
58 26
37 90
90 7
8 3
63 57
38 91
54 68
83 9
38 91
54 64
12 78
54 98
32 100
25 64
33 99
19 68
28 52
35 66
18 38
56 92
1 8
83 87
94 2
65 95
89 22
40 77
52 67
50 43
69 3
85 28
55 14
50 40
38 14
25 100
82 48
73 23
55 57
58 59
31 97
23 3
6 33
6 62
70 26
52 64
98 54
52 5
35 44
65 6
7 15
7 90
18 15
26 69
16 8
96 78
66 88
35 92
70 29
38 5
45 96
8 49
69 94
89 80
22 91
37 38
90 31
78 83
83 47
62 12
74 70
17 45
52 52
64 73
84 65
89 23
8 99
45 71
37 79
26 37
32 1
64 76
12 72
81 54
71 91
73 97
68 30
33 70
69 96
24 84
69 72
27 81
10 4
61 99
48 7
62 63
39 1
12 44
14 82
34 73
85 79
43 11
40 49
42 47
50 3
96 41
58 59
96 31
24 26
92 68
20 35
27 99
14 75
79 51
97 61
68 34
28 84
15 95
54 41
27 46
23 3
82 20
15 35
96 19
81 14
85 42
12 45
43 9
14 37
100 6
100 37
67 71
67 50
33 77
95 57
6 26
91 70
76 11
59 39
13 10
61 61
48 41
14 70
10 87
42 13
29 44
39 17
39 1
92 82
93 49
58 98
56 10
59 3
42 6
45 93
99 96
48 6
83 1
20 13
75 12
70 91
3 46
58 78
85 25
5 43
61 21
38 47
85 62
32 10
34 28
76 16
58 21
93 40
23 95
70 51
30 92
30 71
60 6
64 25
28 85
51 12
54 88
3 44
62 75
15 70
75 34
49 87
38 29
67 66
46 76
27 50
100 77
72 27
46 80
46 43
21 21
65 9
95 96
29 74
71 66
29 47
1 12
92 41
75 68
21 97
20 31
5 22
38 77
10 83
2 87
1 21
79 76
96 40
10 19
11 88
46 65
57 95
11 64
64 77
47 16
3 48
18 71
6 95
88 46
11 87
39 64
9 100
6 80
99 94
64 74
7 31
81 83
74 51
46 1
48 96
2 27
12 39
81 11
76 9
93 1
99 17
14 58
2 45
92 100
54 51
26 25
19 99
71 96
38 31
38 48
81 68
55 43
20 94
5 38
16 51
65 19
95 15
59 66
69 53
32 14
84 60
82 85
28 72
55 26
86 97
76 83
94 38
35 84
99 17
52 27
88 56
91 81
35 80
92 39
17 90
39 77
21 14
38 84
100 42
55 36
37 42
63 2
88 46
21 4
80 86
54 65
25 91
29 37
97 77
36 48
32 26
25 67
37 80
14 77
63 21
8 50
76 17
96 17
22 25
84 82
84 20
15 93
35 71
37 12
7 34
44 48
70 59
39 56
51 43
66 15
74 37
33 84
39 95
71 78
47 84
99 48
5 6
3 56
50 48
91 95
91 11
20 11
47 15
78 55
41 47
39 92
84 20
42 81
40 98
31 33
59 81
45 60
62 98
90 98
47 74
47 80
15 74
89 54
59 38
95 68
68 52
28 79
48 12
19 61
77 5
89 48
98 71
5 97
83 61
53 57
47 92
15 34
99 33
98 15
37 90
78 85
36 43
62 39
55 99
89 24
16 98
89 7
99 36
69 45
40 45
77 17
42 94
10 5
30 77
26 17
28 64
74 97
99 10
27 2
18 76
8 42
25 79
38 60
1 94
75 3
86 4
54 73
87 90
40 69
51 53
4 48
97 2
83 18
53 98
57 99
42 75
6 55
25 29
46 40
16 54
77 89
21 20
66 43
27 2
2 22
69 13
60 74
69 84
40 97
73 29
53 85
50 19
9 26
16 56
30 89
19 25
60 5
84 80
13 76
84 14
76 64
80 8
14 71
60 88
13 43
80 65
72 12
80 44
75 68
63 50
20 41
18 57
42 17
26 55
48 95
36 2
20 86
84 82
96 41
58 22
50 48
96 82
97 43
12 30
49 96
75 2
23 39
49 73
74 40
76 11
50 92
73 91
80 57
4 15
17 72
68 98
