278 633
93 43
80 57
94 22
96 27
18 81
68 9
67 94
4 72
11 91
39 11
31 15
32 5
90 66
96 41
37 74
79 5
61 76
31 46
88 22
5 7
35 38
10 45
31 69
19 44
18 82
14 68
54 1
27 94
81 80
63 11
40 96
77 41
38 46
88 82
57 53
26 12
17 99
17 47
82 52
36 11
86 17
44 19
2 56
12 81
61 93
31 8
3 70
82 25
69 39
48 28
45 57
21 17
73 9
12 52
16 78
82 34
74 59
72 30
71 93
38 12
39 87
23 38
45 70
71 41
61 71
76 80
31 29
36 34
1 99
7 22
88 62
77 10
42 13
77 16
56 59
85 100
14 92
5 56
76 3
66 45
11 36
85 34
7 79
59 12
62 55
85 21
69 64
79 6
82 39
34 52
32 70
81 88
6 72
94 42
99 25
95 72
95 23
70 65
10 94
90 37
93 17
27 34
6 21
94 43
99 86
22 74
58 22
22 76
96 93
18 66
40 48
37 70
97 65
86 95
6 3
5 85
6 42
7 28
85 42
18 61
97 43
56 35
59 46
87 67
91 33
82 50
5 96
5 62
28 86
55 80
1 40
10 5
8 24
22 72
35 38
38 31
16 69
2 64
92 87
70 25
8 72
88 35
96 49
26 40
41 84
42 30
68 64
41 87
40 45
24 72
71 24
70 41
33 28
90 17
61 84
21 29
31 4
50 95
64 39
100 80
89 12
59 40
75 68
10 97
74 49
37 51
13 81
12 94
93 94
74 47
47 28
32 34
3 20
86 86
34 82
20 98
100 71
100 57
53 32
27 21
100 86
93 57
44 28
93 60
13 40
37 100
83 45
21 50
30 2
79 87
15 58
62 62
97 75
80 89
78 3
13 39
72 15
99 86
97 82
20 31
27 13
40 11
36 9
15 1
32 36
29 83
24 87
46 28
63 78
70 22
78 98
95 51
62 22
33 92
36 18
18 50
11 17
89 7
5 84
80 99
44 1
82 62
44 27
53 63
67 89
1 84
3 71
82 14
81 77
41 6
19 83
84 2
32 7
22 46
31 80
51 48
9 2
36 43
38 36
8 55
87 3
28 44
80 18
89 35
54 92
57 80
73 33
43 20
95 33
56 10
55 65
90 9
17 2
95 14
11 31
79 55
88 65
26 89
34 11
31 68
94 85
93 58
5 32
67 82
57 75
65 66
25 65
30 47
66 47
71 15
7 29
35 68
54 28
88 40
32 26
89 84
89 88
23 85
70 1
25 48
57 24
48 97
86 49
37 11
21 15
84 50
73 2
86 40
82 50
90 30
27 7
28 57
70 18
67 32
83 90
54 30
77 12
86 70
94 79
27 22
72 100
59 71
69 49
85 23
31 26
31 84
92 49
95 85
9 36
74 43
51 6
81 33
84 41
61 85
86 57
84 61
99 83
97 92
1 39
4 50
69 45
98 45
33 56
71 1
27 19
59 7
47 51
99 22
12 54
91 57
18 69
49 22
28 94
20 38
24 62
55 54
24 38
84 48
2 17
9 23
40 52
87 44
22 71
18 20
68 99
42 93
97 32
73 32
84 77
68 95
82 28
55 38
9 94
59 53
97 64
2 100
33 3
7 68
45 95
6 65
58 30
85 5
15 8
61 13
64 32
37 87
38 84
91 99
35 30
50 79
21 79
94 7
8 97
81 12
81 13
30 32
50 26
25 46
1 59
82 48
80 82
72 47
22 59
1 40
11 20
24 65
27 41
85 2
4 39
44 90
79 51
52 85
94 55
68 88
75 24
54 4
34 48
26 92
89 67
39 79
56 81
48 64
80 38
59 73
77 60
19 67
59 100
6 3
2 43
60 39
27 37
46 76
53 59
59 31
98 25
43 33
49 93
39 98
99 7
11 13
7 32
46 94
67 15
54 70
45 50
48 73
26 58
94 60
34 35
77 24
55 71
96 64
57 74
47 20
24 30
1 84
12 85
58 12
20 14
56 55
64 90
17 97
71 55
71 29
97 56
85 73
91 42
55 75
76 90
57 64
35 52
28 18
5 13
23 73
22 39
37 58
33 45
47 10
14 85
99 78
31 99
7 24
92 98
4 85
79 9
62 24
7 2
69 29
33 47
35 97
35 19
68 55
99 23
37 41
65 99
59 67
44 53
28 34
5 29
89 96
17 92
54 51
57 81
82 96
96 28
58 34
38 78
55 89
25 59
21 31
40 51
3 35
98 8
68 9
71 14
25 34
26 20
76 25
79 70
5 22
14 83
65 70
65 13
11 82
80 14
37 21
8 84
35 69
87 47
38 95
22 70
62 31
24 13
95 97
44 49
66 8
75 84
29 57
90 17
49 75
81 94
62 12
43 4
12 92
1 61
65 67
17 63
41 63
71 55
1 14
20 79
75 66
47 11
75 38
33 32
22 68
47 5
4 84
43 88
65 46
50 32
64 67
87 75
23 27
67 61
62 98
85 92
69 87
32 47
21 8
29 1
21 60
18 37
7 96
43 73
7 29
50 78
2 36
14 14
68 56
72 99
14 78
26 25
7 53
24 79
57 23
53 68
9 65
61 73
57 30
64 24
86 18
6 66
92 9
92 50
96 92
40 20
37 88
19 45
25 46
99 80
94 46
13 52
43 95
54 12
40 63
93 46
76 69
84 13
39 7
5 29
86 8
24 49
59 92
99 57
25 70
41 12
7 58
28 12
78 68
33 4
55 61
99 1
58 80
98 43
65 59
76 49
32 27
36 35
45 52
64 46
39 62
30 30
26 41
49 66
44 10
88 19
69 49
81 58
10 39
44 69
57 66
32 43
90 81
81 58
23 60
58 19
16 13
90 39
80 17
30 10
7 79
29 89
