779 843
70 86
93 23
69 71
5 58
15 86
6 94
96 94
65 96
48 48
20 38
95 32
98 63
24 86
57 75
65 72
74 11
19 61
90 50
4 9
92 66
19 47
39 9
71 67
36 6
83 28
1 68
44 34
29 38
84 10
68 64
38 32
10 96
84 4
20 16
43 79
67 83
98 29
89 26
61 22
28 16
67 61
40 82
60 12
86 78
49 52
93 39
49 82
33 51
40 69
59 96
38 34
81 41
78 72
47 94
58 78
19 42
21 89
97 82
84 64
53 9
100 55
63 8
3 25
20 44
92 56
30 67
12 41
80 100
78 30
32 17
82 88
46 47
55 15
59 1
4 47
86 11
58 25
91 80
58 37
39 67
100 61
70 90
88 23
93 80
30 76
70 2
7 100
7 58
77 83
24 92
99 22
78 24
40 48
16 85
83 19
21 7
76 78
14 17
63 88
41 76
50 37
100 50
17 79
38 13
53 10
80 16
23 60
85 10
96 27
25 21
37 100
63 100
50 78
90 32
86 2
91 59
98 20
81 3
85 2
6 41
27 7
30 49
84 47
40 76
36 19
86 98
40 43
23 39
58 32
90 11
64 30
47 28
85 99
49 53
31 34
65 17
12 70
8 56
21 38
60 75
99 3
50 69
50 87
34 70
71 91
99 84
44 15
62 35
98 6
71 41
79 1
1 26
79 54
8 89
94 91
89 78
3 22
24 64
4 74
65 71
17 73
17 97
99 36
100 63
47 38
1 45
40 86
7 66
49 10
89 75
20 20
86 69
92 3
42 45
67 72
2 82
67 35
35 38
54 10
96 67
9 48
48 26
17 52
11 62
59 46
68 34
28 34
96 61
81 70
10 67
15 35
64 62
61 29
100 41
100 85
77 18
91 61
96 33
11 5
24 42
84 49
95 42
90 81
43 82
90 85
62 13
78 18
45 29
19 6
51 56
78 82
37 37
22 21
14 71
88 18
60 62
62 63
76 2
66 35
89 85
90 43
21 86
87 37
20 47
2 61
45 26
4 43
35 43
65 59
80 92
4 52
56 34
51 97
31 75
31 4
81 54
14 20
4 84
80 60
48 27
1 68
1 93
87 52
60 93
37 21
95 1
63 96
25 52
15 67
34 71
1 13
85 32
64 94
12 13
2 7
71 29
50 13
14 2
85 35
79 61
19 75
74 54
81 89
50 81
61 67
99 77
52 59
70 99
29 85
95 16
90 72
60 7
94 85
89 50
12 97
43 21
74 84
37 94
92 10
30 17
30 38
20 40
73 24
82 98
59 28
23 39
5 41
81 91
12 33
99 77
35 22
30 29
49 98
66 41
21 88
84 87
72 15
95 41
71 98
30 17
70 56
53 99
78 76
61 53
88 68
39 35
70 80
25 43
24 18
68 37
32 96
21 77
83 73
94 61
70 72
58 46
42 75
25 91
19 38
41 35
5 1
59 17
31 18
71 83
36 39
24 50
98 32
3 71
27 5
88 66
72 23
26 35
67 86
47 69
22 6
68 62
90 14
39 10
5 63
3 25
33 9
94 93
80 74
90 40
4 72
98 7
43 8
30 26
39 78
77 43
82 81
42 85
96 19
48 17
16 69
29 71
14 60
42 60
34 64
19 24
18 62
73 81
79 3
42 68
9 45
30 11
2 62
1 74
45 36
54 98
25 19
5 38
31 12
64 78
40 81
18 38
98 36
41 78
6 21
74 33
90 63
20 35
35 75
27 68
89 70
61 72
61 81
8 74
69 32
53 11
20 85
25 89
42 10
56 30
26 66
30 90
58 66
59 20
7 27
60 100
91 59
35 14
32 77
32 80
40 55
37 86
47 55
63 52
40 49
59 71
24 32
68 40
71 2
79 15
95 51
17 89
75 92
41 43
67 30
29 26
67 94
34 8
100 68
5 74
73 40
32 38
24 52
21 79
99 62
53 21
57 61
60 6
51 90
26 17
45 29
72 34
63 62
80 59
70 94
76 48
61 8
8 60
48 88
34 79
23 40
11 23
5 91
78 26
46 93
23 33
85 37
32 62
94 36
92 3
38 54
65 94
98 39
22 27
12 81
40 67
37 55
45 70
47 26
16 86
28 82
72 67
18 40
2 91
68 43
83 55
5 7
48 84
34 44
70 20
43 97
24 72
8 26
43 34
28 95
67 77
90 27
51 97
39 52
64 65
99 30
22 7
96 68
100 62
22 81
69 31
29 49
100 43
17 28
35 61
68 54
83 96
59 77
56 36
74 47
35 32
45 64
25 68
13 28
5 97
33 63
59 70
95 64
99 52
19 24
88 91
38 31
78 89
52 97
94 85
91 81
92 52
91 13
78 18
75 19
69 87
93 21
42 12
14 78
96 9
23 88
91 13
97 72
57 29
84 85
15 79
85 25
89 59
57 21
87 75
17 87
63 18
43 96
79 35
60 78
57 66
59 68
73 77
65 49
2 37
91 9
55 52
46 60
38 20
12 42
2 14
35 4
17 3
68 73
85 54
98 51
91 42
73 78
74 13
91 53
24 40
94 53
11 72
30 28
6 77
30 17
44 83
38 82
32 36
90 96
14 20
21 27
42 64
75 42
31 42
95 65
83 75
39 56
84 41
94 22
91 61
6 26
34 75
81 2
84 55
19 59
10 69
17 33
11 24
44 84
67 12
30 100
83 35
41 20
81 92
39 74
42 95
1 16
76 91
98 1
72 86
16 7
4 95
84 30
54 31
95 20
75 66
33 31
65 42
58 1
93 77
76 86
40 61
10 47
84 31
86 14
11 69
85 70
15 18
10 25
74 25
51 16
70 90
70 49
2 49
24 89
45 42
87 53
84 86
39 8
96 85
92 75
59 92
94 46
46 8
73 55
12 66
69 41
59 6
16 95
40 85
18 69
46 59
72 22
13 92
9 91
32 77
8 27
35 26
9 25
28 18
23 100
17 35
99 19
22 70
4 24
1 39
31 35
51 25
10 22
20 82
86 59
45 95
73 28
69 26
8 88
63 72
6 86
15 25
82 92
20 72
33 76
54 70
48 85
91 22
83 36
76 54
82 95
97 11
7 3
39 80
32 95
33 45
93 60
57 77
98 74
49 61
62 99
27 90
88 71
42 9
65 38
77 99
73 41
51 14
5 14
59 46
31 15
49 77
26 36
42 62
29 59
37 70
11 96
52 68
98 62
72 64
10 3
82 10
46 77
43 11
47 39
69 27
97 80
100 71
91 67
28 32
42 31
90 58
4 79
80 56
85 47
72 23
21 97
18 71
82 58
89 11
12 78
44 53
82 84
90 59
63 41
18 69
79 43
30 82
72 18
84 20
56 60
12 59
93 32
47 76
58 79
91 83
44 95
67 29
40 83
41 36
24 48
2 26
2 70
70 32
68 35
54 8
10 62
11 21
67 93
89 14
68 23
74 72
31 32
57 26
96 93
16 85
18 58
5 15
98 73
19 5
15 40
14 23
1 55
97 68
29 47
50 71
87 6
33 49
70 26
55 86
6 82
53 97
82 17
28 15
82 55
69 79
40 75
5 26
68 56
18 23
90 50
59 97
8 3
81 24
48 63
9 12
47 71
46 74
36 23
3 58
80 25
60 39
39 1
46 30
26 30
83 9
6 64
20 48
2 42
25 30
89 18
70 38
81 85
20 75
6 15
21 18
69 52
10 6
45 23
94 67
11 86
79 94
98 19
60 58
89 8
56 80
95 54
18 72
77 34
14 39
59 31
79 69
90 32
97 98
95 26
29 2
41 89
74 60
8 41
82 11
37 61
39 69
73 90
56 97
34 61
80 60
27 92
