380 480
100 61
10 25
13 84
4 4
54 78
20 10
29 72
2 33
59 87
42 78
95 41
1 60
99 98
30 58
26 90
9 95
5 23
45 81
6 15
87 12
19 75
71 2
96 89
86 70
24 84
68 95
47 34
86 65
11 4
42 73
25 75
76 94
75 48
18 99
46 92
41 74
12 67
2 74
99 23
20 27
91 6
59 22
22 89
8 45
16 74
37 65
29 43
3 17
81 27
60 69
83 50
18 34
2 34
67 54
74 39
78 64
32 89
21 96
88 4
94 22
88 55
44 42
10 99
92 48
76 34
52 26
30 38
56 4
43 100
17 24
46 73
33 47
37 16
12 98
9 48
81 91
31 1
99 28
85 69
18 51
60 25
30 10
3 62
23 65
57 20
85 92
75 19
64 49
43 25
36 11
75 20
19 32
99 50
15 81
11 63
80 41
56 38
25 45
14 91
32 33
28 25
63 23
18 100
20 71
27 49
82 93
3 56
24 61
76 63
39 84
73 68
45 15
82 27
41 23
14 7
24 93
44 51
9 33
47 84
71 47
47 40
42 35
37 55
70 88
58 58
14 4
80 19
40 25
100 29
7 93
21 59
34 92
10 1
79 25
15 43
84 37
36 11
60 41
3 6
49 29
32 80
41 41
81 67
89 8
6 30
8 30
20 33
92 53
22 95
61 10
16 34
23 41
30 9
23 65
40 37
42 23
61 99
87 100
100 17
64 58
5 84
43 24
10 71
91 87
95 70
22 13
37 14
62 32
65 55
34 80
78 18
94 51
45 36
73 44
6 67
26 24
11 5
89 57
98 61
84 15
95 23
94 37
53 34
44 16
28 11
69 57
48 67
44 62
90 50
9 78
49 7
43 65
99 28
97 40
56 40
71 17
54 47
38 81
82 82
22 28
94 67
28 24
97 84
33 43
92 95
78 51
2 23
17 38
56 55
11 86
71 34
48 5
35 34
96 12
75 7
55 83
74 86
61 84
14 68
70 2
95 29
56 13
10 67
69 64
70 92
42 53
20 66
97 89
43 34
76 16
61 37
28 58
91 6
62 52
60 37
18 63
11 8
45 54
72 78
39 61
6 38
40 46
74 82
72 74
32 79
24 16
98 68
6 75
7 14
45 58
1 65
42 59
43 1
89 58
87 76
23 74
4 2
64 46
60 83
61 37
5 84
82 20
13 28
47 81
30 47
69 98
43 59
94 73
57 36
54 20
66 90
34 46
19 91
59 13
24 80
23 54
44 96
42 50
88 90
32 36
78 64
7 37
36 62
38 71
37 3
10 55
77 81
66 98
99 60
12 91
28 91
22 43
71 11
81 88
88 75
70 89
15 23
76 73
35 6
86 73
93 21
72 50
1 100
92 17
51 42
59 23
20 44
6 89
73 41
44 96
63 27
65 54
15 35
13 30
56 9
52 63
60 83
74 92
11 4
74 43
26 90
7 36
75 25
63 40
25 91
45 22
93 33
7 84
79 1
43 18
7 43
88 49
74 15
53 47
31 52
30 78
34 75
22 7
68 44
37 26
15 47
43 22
21 55
77 65
83 44
28 83
84 60
13 6
36 32
6 27
25 18
51 3
97 22
78 82
72 40
32 73
3 18
72 32
26 35
57 50
5 98
100 21
59 84
71 79
45 19
88 60
3 79
87 61
35 78
87 89
67 50
66 30
34 77
25 17
65 93
60 47
22 27
6 86
28 14
25 16
28 28
13 30
72 14
9 9
52 94
18 39
68 12
72 98
65 58
35 26
35 11
58 73
1 13
91 11
44 8
20 51
3 92
96 57
68 3
15 97
30 68
39 91
60 67
98 65
5 63
19 19
25 16
32 91
13 2
6 83
7 79
24 63
69 37
46 21
47 40
92 81
61 31
26 47
36 99
21 34
40 31
21 5
55 94
86 42
94 73
5 59
22 100
19 6
19 29
81 83
53 55
7 70
36 88
18 36
13 54
25 40
57 73
56 94
2 10
75 2
56 85
96 25
78 37
80 32
10 11
75 99
89 34
68 67
34 62
80 63
57 69
98 82
86 7
31 67
100 29
52 57
62 91
53 32
56 85
42 77
77 6
51 19
34 98
89 54
60 51
95 63
83 21
94 46
93 74
71 13
59 17
46 63
85 53
20 42
29 25
87 3
48 19
35 38
70 83
25 60
