20
493 
513 879 
259 967 172 
79 219 257 90 
429 678 674 502 362 
564 821 901 472 99 221 
781 671 620 146 174 995 386 
426 604 974 912 297 135 564 764 
443 614 638 680 463 253 498 820 360 
373 226 740 42 346 607 712 167 311 647 
271 282 193 416 742 520 346 627 474 724 442 
371 26 904 900 121 649 340 546 879 146 76 694 
576 257 619 262 94 402 380 954 978 678 332 234 20 
821 592 887 370 882 219 71 40 497 283 166 917 652 703 
781 180 145 770 794 725 67 119 190 989 213 780 148 445 775 
167 952 875 442 219 853 760 892 4 872 707 850 674 221 144 54 
507 69 211 179 915 719 877 22 894 880 502 598 475 812 739 998 869 
765 817 828 324 764 65 413 46 724 992 779 787 615 382 912 769 597 804 
643 344 595 301 372 851 566 820 360 166 298 893 813 176 595 488 234 215 110 
235 966 522 573 415 194 873 21 988 819 694 76 938 60 917 511 915 884 776 530 
