200
891 
828 975 
352 800 184 
147 543 751 948 
376 442 399 596 774 
816 920 224 936 970 939 
496 243 948 561 438 54 687 
874 147 96 385 44 39 353 128 
176 691 43 572 536 337 379 903 970 
629 499 642 722 638 666 375 497 256 771 
651 961 503 365 60 842 637 182 922 213 744 
55 37 677 889 160 729 872 975 198 705 455 358 
136 679 197 405 858 675 896 297 837 993 58 192 913 
412 319 671 828 335 65 150 653 258 96 436 148 767 908 
940 540 424 975 478 552 796 135 373 541 451 416 953 805 94 
762 778 931 120 885 586 938 913 501 801 96 790 839 114 604 448 
811 568 783 980 867 412 353 690 686 443 67 482 177 923 385 59 531 
653 362 299 193 835 365 32 678 647 659 523 625 198 986 98 350 531 18 
847 870 567 456 591 148 59 620 339 800 679 244 369 827 502 642 571 33 689 
3 520 542 868 222 442 140 998 710 69 94 281 497 444 443 524 7 168 336 791 
145 512 51 102 892 327 877 341 642 112 268 938 770 731 276 131 762 57 542 318 318 
874 524 917 472 131 32 257 999 570 914 758 951 198 169 915 903 665 357 397 884 192 442 
187 40 677 360 202 160 241 361 128 747 219 579 510 316 957 309 802 525 929 269 100 597 33 
761 223 239 585 445 551 90 714 741 458 235 918 209 533 379 637 483 567 607 697 752 335 137 41 
20 569 619 919 879 654 231 958 403 964 370 733 660 534 849 647 372 918 304 597 148 396 324 693 855 
87 27 323 805 30 170 773 661 60 767 844 73 41 945 741 316 595 420 986 470 31 817 150 393 507 81 
354 519 347 823 317 603 521 2 351 867 3 29 360 581 625 79 566 590 676 241 76 213 17 268 503 99 810 
632 82 768 943 836 48 620 892 593 770 707 612 593 621 579 738 577 717 502 157 692 228 44 958 373 177 775 387 
637 404 572 859 148 621 938 766 511 903 659 480 919 827 956 74 621 968 171 939 373 210 931 476 173 878 824 829 774 
247 287 821 564 724 576 979 176 870 768 534 299 248 832 69 837 724 82 210 161 694 700 272 922 943 553 372 98 986 622 
654 21 301 252 866 747 963 843 933 190 915 309 367 825 428 505 208 346 193 775 930 335 740 838 111 737 570 135 559 545 566 
228 599 68 557 652 854 793 275 759 616 872 259 812 478 949 588 391 694 419 764 330 491 400 558 42 200 423 127 939 470 216 96 
360 114 260 430 859 746 936 472 24 228 998 410 750 331 691 773 870 675 335 896 827 228 524 411 333 401 722 647 367 459 377 79 732 
673 976 191 335 644 74 250 723 436 176 902 907 939 203 552 627 655 170 927 214 313 148 347 81 543 657 383 264 983 704 587 88 613 4 
461 861 146 480 724 389 791 816 962 858 999 97 334 362 655 86 368 183 33 822 254 494 518 868 638 452 335 90 757 495 101 410 814 168 133 
195 296 802 911 378 685 744 19 593 158 118 164 290 216 963 420 251 87 226 53 824 131 8 423 244 256 602 78 824 576 635 926 924 861 486 80 
212 925 968 732 587 992 969 403 515 661 139 543 568 582 837 24 843 903 178 562 182 726 750 161 268 743 132 36 406 449 956 676 706 90 497 334 267 
155 631 329 390 103 968 467 50 377 863 911 617 162 73 112 911 280 374 381 266 481 201 811 757 566 151 275 287 585 574 114 99 86 865 616 849 533 172 
716 380 93 847 30 222 427 214 708 82 580 862 397 44 913 370 737 987 160 738 480 45 906 415 207 574 215 223 685 204 576 541 88 278 239 958 456 289 677 
661 981 915 420 468 590 592 880 452 456 639 783 237 402 427 80 735 416 834 740 858 770 377 920 468 68 885 131 326 222 936 122 438 246 14 289 768 245 527 675 
469 625 172 878 731 119 212 240 832 221 3 443 61 247 196 729 367 888 96 302 83 534 262 535 9 787 646 621 233 596 612 411 346 195 240 654 222 444 614 480 759 
199 798 217 982 262 159 99 464 704 191 44 376 120 859 172 41 433 152 792 362 836 875 895 133 556 581 675 291 224 306 392 305 646 409 527 3 486 924 930 893 922 328 
383 775 665 974 812 250 19 139 800 919 701 964 596 841 486 223 379 412 889 107 629 580 640 72 685 4 420 473 17 687 217 350 496 159 481 359 596 877 624 671 974 27 690 
47 890 385 724 545 823 932 78 947 880 672 179 256 106 486 564 534 340 852 648 980 625 196 15 257 17 476 831 310 115 620 524 748 612 765 733 113 999 41 790 763 5 752 574 
969 539 679 412 442 449 492 622 443 53 208 807 970 757 920 59 465 360 729 142 150 207 113 851 51 201 481 349 756 429 984 636 779 732 563 653 998 275 445 283 897 517 796 339 688 
778 428 587 326 852 402 464 334 431 465 704 423 595 221 483 242 819 676 247 270 381 412 260 368 769 934 616 319 583 414 836 520 465 866 598 789 594 741 260 878 795 893 574 387 667 595 
355 696 75 438 81 899 646 763 472 637 980 28 146 650 225 335 675 460 516 238 154 317 967 890 67 133 878 314 472 318 129 676 558 713 34 648 877 949 886 988 490 758 677 831 557 71 55 
809 394 13 278 231 525 312 978 721 145 784 6 322 127 624 354 496 520 348 379 709 707 891 572 664 998 744 454 117 450 544 161 304 786 951 936 118 988 622 733 887 865 478 205 227 824 384 954 
772 731 934 118 241 146 561 618 949 677 21 898 65 772 510 758 172 231 794 539 385 532 636 414 315 202 227 430 266 293 747 932 519 59 988 524 872 58 586 415 435 586 318 172 964 340 823 541 894 
478 228 766 372 48 859 264 409 276 5 737 668 297 10 726 160 443 76 269 525 154 396 713 850 826 54 568 968 439 671 330 771 606 132 433 663 454 189 457 35 95 840 725 425 778 242 340 3 17 207 
907 76 97 756 402 615 630 454 283 629 979 335 872 678 300 514 540 375 995 226 856 760 765 737 525 18 153 665 452 478 195 468 508 661 931 113 168 382 976 906 87 468 340 785 433 836 115 161 334 658 140 
34 892 48 502 856 507 593 875 454 42 661 579 559 593 319 472 345 131 828 416 560 38 75 209 891 987 485 492 498 839 263 206 843 563 631 914 373 255 271 97 533 820 70 229 844 979 921 404 218 66 555 440 
68 147 398 125 75 423 198 787 548 965 500 424 749 313 828 139 578 217 542 944 769 649 720 745 158 211 669 80 946 192 775 949 17 310 922 464 280 254 249 773 46 530 317 56 621 170 99 147 343 368 234 747 931 
876 839 640 238 311 715 325 645 881 649 5 672 74 638 28 595 552 174 340 359 506 42 924 354 837 134 167 537 488 955 438 343 863 821 16 627 464 50 51 631 831 465 439 989 797 375 265 900 528 272 950 446 616 666 
203 640 310 362 232 166 68 372 542 465 959 15 215 567 321 394 267 580 27 21 678 536 669 362 921 855 449 237 59 359 376 39 671 253 383 569 851 456 572 613 192 270 89 908 775 835 372 135 412 410 578 452 506 980 783 
200 471 242 16 126 31 536 615 893 56 194 167 141 127 635 776 522 720 763 9 33 734 349 690 260 418 206 814 917 777 758 725 295 35 878 838 60 993 907 172 247 187 463 925 105 599 655 68 349 607 642 383 880 830 654 435 
947 762 829 689 194 130 740 673 590 502 312 646 929 513 524 424 339 367 763 527 65 90 70 895 226 482 5 275 461 373 808 895 294 492 784 948 487 781 612 466 699 770 30 992 543 301 834 396 52 685 848 987 360 728 535 457 103 
306 480 93 122 976 205 815 369 261 327 135 621 347 474 600 903 369 152 984 938 655 1 776 787 770 197 187 311 150 947 655 772 10 692 396 541 874 70 344 327 360 253 790 479 965 357 253 290 887 710 942 684 706 414 805 87 830 723 
814 57 165 774 116 162 296 457 443 700 116 362 943 742 362 978 868 923 317 979 623 250 618 853 233 899 332 35 265 868 377 378 793 275 410 485 622 54 412 275 34 315 925 31 57 847 771 228 297 216 154 106 504 619 175 545 652 965 860 
624 566 289 994 904 96 333 374 10 428 320 306 305 522 449 785 258 467 250 849 626 200 377 350 52 193 427 891 562 383 235 796 555 980 418 990 286 264 129 621 81 109 313 120 268 264 847 165 120 722 935 835 312 68 368 791 571 341 525 189 
126 116 830 510 824 35 671 45 340 32 828 165 864 693 490 902 48 645 19 191 70 736 6 223 312 936 675 155 449 956 871 427 579 235 613 600 911 249 158 223 101 540 803 653 439 927 817 906 723 664 672 598 423 992 635 384 297 2 406 993 670 
688 670 621 444 995 743 869 843 255 466 771 941 290 708 412 107 677 113 248 599 116 567 898 746 180 285 192 182 869 633 37 310 573 821 934 887 819 982 774 611 416 365 931 131 462 757 714 436 401 571 515 11 176 218 536 6 744 316 882 452 295 633 
540 459 522 151 909 513 732 780 210 701 351 738 770 508 718 48 344 274 459 279 439 145 970 85 38 124 613 984 0 223 725 232 60 283 606 405 747 219 929 579 88 785 813 387 619 135 33 281 353 895 457 164 375 187 124 679 701 233 332 588 648 849 93 
81 422 476 753 464 101 669 640 352 595 904 554 289 579 98 647 224 411 243 520 577 322 725 379 29 957 5 125 47 965 567 145 354 828 904 980 217 492 688 367 128 311 503 525 899 915 53 274 115 580 665 188 502 768 480 654 6 985 820 695 88 79 129 870 
529 747 160 781 772 951 695 674 117 53 494 42 770 846 698 694 563 273 84 70 666 63 444 114 25 511 988 667 449 534 223 709 105 903 953 153 249 816 279 558 819 781 780 359 343 933 518 511 974 707 649 834 317 90 163 530 615 804 634 858 960 745 868 366 735 
55 107 697 717 716 704 780 591 126 171 677 594 167 253 958 890 150 658 905 129 511 281 885 364 351 492 781 112 920 582 766 108 179 881 810 330 582 107 786 709 56 606 113 799 675 849 941 817 920 798 928 808 686 138 335 780 806 950 185 196 512 558 145 702 306 34 
830 535 872 946 957 982 532 241 16 181 562 961 561 506 26 341 826 867 245 307 910 603 864 406 539 950 362 690 726 206 379 523 340 896 767 303 750 372 919 269 55 77 245 303 129 458 972 417 972 909 247 863 29 608 611 260 181 25 544 14 203 465 741 826 470 87 833 
623 847 842 887 470 979 623 3 580 489 547 466 225 22 581 322 9 237 663 808 992 329 748 568 474 407 510 723 251 897 17 375 867 469 889 468 692 432 331 117 910 467 777 609 910 696 30 502 404 120 874 233 925 81 562 558 96 983 255 876 751 908 894 735 385 295 747 807 
40 339 512 113 566 685 2 241 133 561 195 664 618 597 871 822 37 833 199 506 165 986 326 113 29 393 99 781 978 40 609 634 461 904 960 316 187 732 911 223 920 613 669 442 881 741 982 261 733 524 407 321 681 376 645 499 669 63 598 177 300 933 588 521 438 574 640 190 886 
572 388 315 701 593 621 940 309 221 734 463 561 410 81 259 994 23 167 333 618 144 635 62 736 439 778 344 99 153 713 111 323 29 484 226 701 509 277 578 322 753 98 518 14 257 11 0 345 838 724 973 419 775 744 222 51 8 380 586 161 382 914 780 329 631 956 624 869 383 242 
949 556 705 993 511 999 229 213 200 688 126 838 157 96 11 407 93 936 355 317 515 872 907 837 299 769 217 493 407 841 501 51 863 869 91 88 219 64 254 752 25 377 835 498 202 120 134 304 851 609 326 451 935 586 669 532 861 354 363 495 826 708 443 401 848 103 185 637 4 996 455 
789 803 201 451 581 957 394 489 863 12 248 504 498 655 791 906 767 918 507 581 547 661 106 845 148 909 315 273 225 328 144 73 190 590 91 783 262 957 285 602 841 993 138 920 858 781 263 813 439 37 862 750 364 866 915 801 11 771 485 524 911 457 246 521 29 564 401 399 622 598 192 267 
723 306 38 653 258 229 834 13 948 861 627 330 813 449 604 82 30 305 46 876 956 985 915 684 427 650 494 694 39 504 237 881 568 831 538 203 129 767 774 189 522 81 93 997 306 374 702 483 724 552 878 626 6 981 477 91 829 708 247 511 811 548 369 664 639 421 775 747 868 681 982 383 512 
990 705 646 129 379 105 423 153 479 213 427 9 712 10 700 841 903 529 12 193 709 246 460 222 561 570 20 10 591 321 418 432 180 313 236 630 685 739 408 981 862 920 602 827 567 617 166 702 163 352 716 568 806 176 50 314 441 556 722 749 584 947 872 824 272 149 561 305 937 735 963 239 565 476 
382 182 377 761 188 585 330 369 33 831 167 102 511 677 221 474 730 711 510 104 369 313 647 564 64 573 973 583 602 745 339 145 814 777 604 129 92 558 191 292 777 502 627 134 505 307 817 370 955 391 407 645 391 12 202 451 984 739 946 643 120 555 26 233 62 692 330 268 712 228 659 249 973 274 984 
711 170 30 606 33 716 62 675 75 899 527 83 25 986 478 2 834 737 837 290 479 755 941 216 129 702 23 445 131 897 489 83 743 716 778 910 10 175 113 260 511 429 310 786 520 984 668 267 713 141 931 309 154 490 870 207 872 6 587 784 560 77 271 233 19 261 473 191 290 811 564 89 732 972 99 684 
481 716 549 454 946 395 221 465 665 615 281 992 715 448 341 394 572 521 792 35 481 298 792 690 133 190 186 62 449 521 265 800 955 105 671 478 88 44 384 827 549 399 531 128 70 589 219 384 101 173 839 151 325 572 161 292 170 368 415 294 939 573 9 221 574 576 88 823 737 281 610 103 426 598 306 258 377 
730 323 282 164 17 434 973 211 82 842 977 379 52 939 86 140 8 271 773 126 110 242 516 102 449 551 644 985 155 148 865 914 240 102 912 580 299 329 494 144 219 701 239 763 714 944 934 244 527 337 526 972 654 820 122 668 374 764 973 828 933 878 184 205 379 726 789 375 991 527 860 382 516 946 391 468 111 968 
577 14 337 68 709 542 928 813 335 294 481 959 463 680 258 511 909 86 95 168 133 515 29 155 16 914 19 640 696 54 737 683 471 187 245 917 631 823 729 821 865 345 865 418 22 694 39 642 791 164 581 234 512 998 42 948 184 928 4 441 585 96 832 711 100 320 854 181 31 956 584 141 991 535 988 452 316 242 603 
153 7 900 111 478 144 479 254 351 432 959 154 317 261 893 687 85 753 191 1 114 662 403 20 742 668 754 236 901 499 316 739 0 673 444 972 671 841 848 347 133 143 891 30 22 409 135 55 286 136 900 428 166 871 773 848 723 33 523 545 550 41 908 221 4 145 601 177 709 197 286 142 146 780 329 719 435 549 90 86 
830 593 442 30 271 145 608 718 372 659 816 668 236 833 998 28 340 937 509 855 859 494 321 793 567 582 790 568 68 878 686 802 534 600 307 975 87 775 964 48 288 712 628 605 559 637 875 634 967 704 90 112 673 156 977 500 161 733 764 824 513 744 776 830 134 62 611 563 505 508 823 876 623 722 190 998 796 825 166 81 114 
325 328 354 627 202 916 513 862 762 496 362 567 385 473 383 468 537 463 615 262 535 139 396 987 836 530 916 795 986 49 774 771 150 985 261 213 419 620 782 390 966 645 365 526 318 332 143 844 554 214 522 641 824 453 146 790 338 144 938 478 564 896 83 361 859 694 653 188 258 264 250 899 495 202 523 14 886 407 833 879 672 520 
720 336 282 293 60 46 331 193 769 686 901 543 72 205 851 75 966 491 293 922 965 723 42 811 842 904 338 878 497 455 231 277 982 897 909 907 374 118 62 134 187 375 736 37 44 948 351 967 426 963 485 244 539 819 341 438 964 36 740 518 296 15 432 970 376 632 635 50 536 396 177 239 375 277 860 69 416 769 515 327 7 867 675 
532 983 761 668 705 75 701 61 936 889 338 730 642 582 753 601 348 105 515 189 372 93 906 460 398 711 861 828 37 267 487 730 699 658 591 572 991 729 880 918 479 91 685 535 727 26 796 788 458 698 627 741 180 696 62 674 197 58 944 149 342 999 150 10 135 681 104 272 477 871 955 257 53 94 91 35 353 833 299 346 164 32 387 785 
282 457 60 209 302 834 618 200 203 804 752 568 136 460 719 321 247 855 950 341 535 748 954 701 460 121 200 584 927 925 172 546 161 566 627 59 337 880 648 494 278 941 172 862 200 378 638 547 78 720 277 979 207 123 211 797 933 129 651 539 542 609 34 401 437 584 59 188 740 1 955 252 393 467 242 921 896 652 706 498 573 273 996 905 804 
826 956 859 308 585 23 844 127 603 672 225 795 463 546 230 132 180 716 816 474 181 824 254 845 146 587 892 5 923 603 757 880 574 267 695 111 747 614 924 750 844 624 604 685 691 561 889 242 34 593 750 51 990 510 896 156 625 167 574 894 323 792 354 149 332 180 293 412 574 704 340 54 424 32 442 641 107 762 381 538 542 83 94 258 217 781 
571 761 871 808 866 821 238 996 63 740 489 662 263 128 614 53 415 345 541 32 670 865 532 879 260 997 557 169 631 432 918 611 250 486 33 4 480 963 23 791 393 484 146 372 750 860 288 745 562 602 175 554 709 320 809 96 261 167 481 522 141 415 717 92 442 786 742 104 484 869 800 944 811 162 822 39 26 300 281 148 901 611 518 168 349 627 253 
773 617 198 118 997 672 898 545 797 119 316 129 85 88 27 476 444 473 560 602 555 457 121 659 28 476 226 757 724 819 456 654 754 691 72 308 226 669 599 533 598 57 656 640 969 661 801 410 452 950 393 441 445 787 87 397 586 523 528 130 959 818 818 303 562 564 814 963 932 688 959 126 745 601 142 357 677 492 899 40 948 583 995 657 224 112 986 943 
317 455 742 751 64 997 35 9 239 216 580 785 903 164 1 978 718 120 592 423 61 704 540 665 342 122 559 738 418 391 786 903 273 56 123 196 890 38 394 624 416 582 993 742 533 139 999 408 658 891 589 278 681 458 500 651 765 358 424 896 564 313 497 542 311 15 599 222 9 861 858 584 584 44 421 979 733 562 97 394 436 832 563 14 861 718 375 556 964 
410 408 627 622 101 545 35 813 300 608 717 440 402 393 782 447 777 666 686 665 475 925 811 364 372 840 771 346 867 223 803 568 451 475 778 663 562 812 134 335 619 452 233 360 165 473 192 284 362 409 839 524 11 631 452 112 921 749 723 955 284 93 650 995 568 866 236 558 497 534 321 403 239 552 447 935 392 436 93 667 43 143 779 830 969 846 631 958 751 93 
785 712 100 776 40 110 553 973 994 772 125 349 552 971 401 638 963 761 59 261 498 643 465 763 285 363 273 126 475 49 184 384 740 942 286 792 735 497 657 261 304 429 861 255 450 393 970 982 5 173 445 176 83 446 816 684 366 786 760 749 719 989 378 477 360 608 124 473 981 745 436 158 174 759 874 127 594 588 413 107 412 942 557 324 39 164 60 64 761 608 351 
217 18 692 808 960 739 800 44 957 369 709 915 719 171 187 185 271 547 456 579 527 666 780 855 833 457 71 106 537 563 140 358 390 754 219 365 722 493 442 598 647 229 305 193 207 438 252 77 711 310 111 921 908 416 345 83 662 197 450 504 193 709 513 590 218 688 688 834 920 213 415 266 753 624 298 630 275 681 404 509 426 542 329 796 597 700 121 536 226 50 816 502 
150 819 788 826 83 933 112 788 286 153 600 952 406 358 269 229 942 144 771 763 789 503 436 322 756 477 335 258 393 429 894 86 60 843 294 74 197 719 589 244 206 17 128 502 256 752 491 864 267 260 476 113 174 162 256 951 119 864 104 218 393 768 290 966 245 324 578 265 772 378 198 597 591 523 730 995 724 814 109 576 83 626 597 544 265 24 898 949 374 36 712 831 708 
963 919 179 826 795 843 690 829 437 510 537 419 760 665 759 652 374 323 461 40 75 8 704 483 55 28 706 686 377 237 502 571 215 457 863 22 999 552 552 168 757 364 837 978 778 815 214 986 209 648 702 366 129 311 693 394 47 929 411 742 552 862 424 660 162 79 945 503 761 980 836 422 358 241 189 479 873 454 17 876 549 69 269 100 909 304 74 712 396 330 57 123 50 80 
325 53 390 521 8 50 215 51 894 198 561 815 726 808 447 234 35 151 179 24 669 44 341 384 514 386 809 338 416 283 52 865 352 215 409 839 851 238 29 564 492 478 589 414 809 835 581 860 668 886 330 990 236 451 553 539 296 935 751 518 426 69 846 617 532 172 339 402 458 444 440 448 381 596 988 911 911 950 670 213 865 11 680 899 468 516 294 942 976 750 952 853 731 457 555 
439 380 122 905 471 556 725 453 191 71 764 114 78 708 315 168 655 398 245 553 987 349 70 926 291 786 683 390 887 373 728 125 9 923 747 282 355 175 804 366 235 964 986 392 345 211 883 180 677 604 110 762 288 903 643 869 742 906 254 946 664 653 261 728 460 886 649 365 119 913 793 77 202 166 866 967 286 833 657 909 519 718 479 730 119 494 202 191 389 711 614 842 906 908 76 914 
778 331 428 783 928 750 152 681 550 403 551 187 783 684 902 183 575 717 340 493 26 786 415 813 386 275 60 89 751 325 996 772 150 568 430 870 496 896 37 641 737 595 668 664 570 355 339 754 490 816 501 36 821 498 302 101 821 80 809 508 227 304 703 684 481 487 707 730 321 638 693 838 638 493 856 147 259 545 954 2 877 105 139 485 12 0 573 635 885 518 964 853 337 657 891 980 337 
193 552 71 193 519 543 296 197 858 397 553 990 226 844 731 450 153 807 500 781 765 184 176 279 987 45 17 887 134 643 79 899 512 381 795 886 646 365 168 383 517 294 412 53 612 520 652 809 252 898 123 735 96 124 478 298 825 623 597 876 811 405 878 598 844 396 425 318 790 716 981 427 91 708 277 497 557 633 146 409 756 832 465 57 967 123 985 418 138 789 237 857 99 982 161 963 822 681 
560 664 747 427 298 444 331 849 51 156 758 32 772 531 931 889 429 101 940 968 337 93 794 774 773 959 663 29 602 473 735 543 315 61 526 181 876 245 366 340 676 34 746 376 326 781 966 685 706 155 186 148 196 308 596 704 702 969 940 218 557 374 574 334 143 378 46 665 338 934 136 490 43 235 962 199 300 969 955 117 313 352 960 105 454 467 891 49 431 324 604 893 31 252 298 565 958 839 691 
161 802 390 144 924 425 713 656 175 14 478 936 573 330 850 218 610 985 258 528 929 427 485 178 862 697 867 865 153 260 930 946 787 2 983 846 748 435 743 535 721 522 10 405 917 304 258 269 211 3 478 489 382 20 129 0 975 379 249 682 616 356 915 726 91 538 621 179 358 751 939 762 314 914 258 738 888 275 26 404 102 340 320 293 882 203 669 85 756 496 636 644 606 908 660 148 990 60 140 471 
88 930 545 194 58 424 98 260 229 818 651 97 895 148 140 139 876 21 996 434 796 735 218 975 769 209 659 452 268 643 907 989 334 484 336 616 547 233 887 441 251 65 760 675 688 154 244 180 721 709 652 58 282 714 148 15 686 779 439 774 894 86 903 329 326 815 0 960 580 948 262 989 809 772 280 654 234 420 588 211 991 599 671 996 535 993 620 457 693 976 273 283 674 147 227 8 73 219 243 931 90 
222 410 813 466 998 456 30 912 62 193 822 187 147 641 139 159 487 167 34 856 480 111 592 931 27 441 433 701 269 168 423 433 49 551 805 303 527 817 7 340 414 878 9 996 788 511 892 869 96 896 762 583 244 627 756 784 964 345 6 82 245 251 45 215 425 532 977 752 818 329 974 135 374 963 33 895 710 263 413 608 275 635 952 709 715 91 950 400 24 377 54 154 829 203 816 595 284 525 487 27 271 620 
721 482 643 101 109 656 950 756 701 538 758 390 961 12 183 983 689 978 574 240 394 64 286 139 628 586 239 462 116 103 197 859 584 180 989 271 448 912 266 714 339 56 819 730 842 431 449 99 174 979 993 240 361 164 268 568 710 361 657 844 605 784 575 556 779 551 456 355 331 332 549 48 917 101 184 945 913 629 851 648 622 55 578 416 203 444 450 534 251 631 401 701 915 222 619 824 339 142 737 771 25 464 362 
742 511 192 841 50 947 728 386 78 532 380 692 65 712 50 982 689 715 900 804 650 411 267 443 828 515 137 767 98 589 509 279 372 946 597 996 454 107 978 23 933 291 268 96 985 238 442 829 786 913 728 394 198 902 464 182 184 590 481 294 102 435 529 384 109 204 502 260 214 280 130 926 503 521 112 374 581 137 583 483 91 185 584 717 905 585 86 800 702 810 335 641 402 428 655 678 976 515 911 165 122 907 4 718 
381 518 367 491 72 759 305 619 559 991 964 390 574 578 149 707 252 718 835 62 890 101 148 527 816 23 628 131 884 545 558 511 725 486 452 907 673 890 710 723 100 813 249 884 992 288 947 218 335 204 35 793 209 563 244 305 586 533 555 257 528 319 530 557 895 228 619 557 101 643 933 897 189 237 982 641 881 692 382 467 134 696 808 563 579 353 309 57 375 272 287 374 482 263 59 851 52 654 737 647 935 481 254 299 569 
885 105 53 757 446 384 941 74 535 743 429 252 377 395 928 556 771 941 596 125 699 20 163 654 221 75 94 989 303 419 277 124 680 812 441 163 161 592 385 125 992 22 703 370 186 609 812 196 927 750 189 611 535 455 59 769 688 235 285 697 694 362 889 48 393 870 520 536 828 715 821 949 248 752 805 412 89 23 683 413 387 574 57 709 235 663 493 224 203 707 816 709 549 54 359 120 194 311 120 846 675 367 265 602 247 611 
390 896 429 178 905 524 991 505 662 878 555 472 345 28 198 87 635 753 142 539 315 930 434 190 201 521 399 154 324 624 970 549 904 938 3 341 44 869 184 755 158 459 830 325 398 50 910 106 459 625 205 653 192 76 688 310 225 40 990 457 964 211 462 728 634 335 753 93 119 281 52 319 928 160 977 320 468 755 555 641 322 616 735 316 308 90 849 148 646 582 673 421 648 638 813 677 766 94 563 993 496 343 368 368 915 562 682 
674 739 557 474 956 0 428 884 622 985 800 984 350 62 547 220 324 167 207 681 590 937 640 374 272 710 551 88 590 290 264 359 593 416 194 309 917 334 388 862 124 446 847 76 688 218 476 810 310 383 554 420 626 527 450 454 719 195 749 211 734 78 981 877 738 724 757 84 790 529 360 161 916 753 157 624 969 285 538 740 275 873 333 751 457 573 748 697 403 682 460 6 826 584 53 205 359 24 555 21 700 669 947 30 927 389 891 990 
275 403 399 391 745 395 936 870 853 733 684 782 181 108 570 395 86 247 868 727 349 727 980 254 732 172 830 718 475 11 622 594 820 844 527 867 303 668 609 837 535 678 146 894 988 650 821 656 180 531 62 797 282 586 299 78 102 231 812 419 285 724 410 302 903 327 396 589 966 192 960 522 740 340 334 154 223 702 975 436 425 102 732 650 9 542 854 322 941 664 822 755 404 319 613 583 405 795 653 731 825 854 197 176 366 593 634 974 100 
374 902 328 964 78 646 262 334 459 57 922 329 23 521 371 185 720 28 610 979 537 245 718 437 248 683 703 792 353 91 768 161 855 511 637 909 996 735 630 937 855 193 712 79 719 863 940 94 50 96 464 387 771 537 945 992 890 519 747 913 738 592 114 671 645 140 72 945 595 220 995 178 691 378 113 741 743 539 116 896 959 239 917 53 112 712 994 494 85 792 119 838 283 817 408 601 237 772 982 530 517 738 65 347 553 489 291 877 111 151 
203 858 501 543 534 851 899 939 357 309 497 939 530 992 759 138 548 330 565 216 380 282 110 178 786 913 34 465 984 223 791 37 114 273 253 223 992 693 273 568 186 244 752 812 902 838 840 677 315 188 282 313 236 814 397 897 755 871 940 232 839 946 267 167 999 970 190 136 380 806 818 865 965 797 128 126 385 149 389 998 234 648 584 222 489 70 591 34 251 133 47 36 270 71 102 846 979 867 152 585 638 901 739 400 970 969 319 971 678 289 731 
663 743 445 887 642 942 386 453 708 609 108 59 176 9 456 825 552 913 868 941 323 212 685 7 130 328 400 185 931 449 120 375 741 606 51 910 864 955 988 761 107 988 806 978 301 612 649 131 772 524 905 715 189 467 725 813 399 913 583 807 394 704 20 79 329 837 44 44 818 289 157 232 43 986 403 869 770 587 640 110 725 762 601 700 564 509 830 583 397 913 90 436 169 258 61 543 555 113 406 410 627 366 323 576 229 485 791 836 995 999 348 428 
510 9 187 38 519 72 53 471 308 923 293 296 834 233 577 54 103 160 520 309 203 528 595 917 233 30 373 106 240 233 213 650 734 713 582 865 529 186 90 383 646 589 82 64 660 317 507 434 210 777 979 430 428 813 503 760 908 858 298 166 327 834 811 320 817 708 335 266 575 934 316 336 687 749 820 910 299 463 62 270 962 672 714 532 665 286 77 612 961 389 877 232 100 778 106 195 292 603 918 785 880 523 311 33 288 885 513 666 12 985 102 829 678 
782 188 49 384 316 108 99 976 865 706 922 272 248 179 957 120 354 354 177 419 865 910 567 749 305 327 138 362 859 281 478 983 869 485 297 5 296 538 125 51 329 606 524 431 481 669 313 365 495 992 423 206 400 406 221 655 841 204 479 821 348 294 546 531 270 907 873 457 468 956 960 828 204 956 114 290 656 239 989 837 330 456 904 436 396 450 557 209 409 239 223 925 575 372 148 919 886 744 31 68 170 220 35 75 166 287 516 452 268 766 447 978 10 234 
482 996 543 320 378 859 798 155 8 814 407 97 21 487 331 508 639 956 200 179 487 207 571 710 236 247 334 734 747 628 251 637 204 337 729 699 324 425 392 765 684 629 376 699 598 264 714 75 962 327 267 959 404 830 601 590 773 252 20 891 493 54 955 937 47 367 972 441 77 812 397 95 565 654 929 94 187 387 955 13 263 565 48 401 630 803 331 655 100 128 823 312 459 391 779 446 288 589 758 663 990 898 155 69 616 275 372 562 647 565 420 524 0 198 223 
27 856 802 510 349 346 795 976 590 469 65 286 555 117 606 426 879 696 724 301 223 230 643 258 85 505 686 333 507 181 997 111 508 449 708 103 809 341 46 260 207 176 412 139 93 644 681 65 202 324 825 681 943 243 728 362 152 126 371 616 234 189 363 795 835 922 480 589 168 608 966 967 431 212 860 106 788 107 880 740 13 838 516 176 983 236 833 412 655 9 489 341 435 632 198 235 982 847 988 50 650 374 695 944 739 848 201 754 399 63 211 189 443 357 897 180 
761 365 969 424 904 597 863 807 280 386 52 856 156 894 812 565 745 355 487 172 602 715 624 3 418 204 86 198 295 365 739 5 273 202 809 923 807 933 466 845 813 788 192 518 559 877 722 102 297 975 113 160 35 38 582 871 527 55 243 286 67 775 214 452 34 340 777 269 324 820 832 203 617 153 280 304 902 281 588 745 10 694 16 729 861 31 175 332 227 721 155 64 51 680 624 273 93 172 584 491 237 714 410 497 661 66 285 670 311 271 126 78 105 699 712 333 611 
598 351 340 998 926 635 26 955 924 242 342 399 778 723 626 23 109 176 916 157 734 368 283 372 32 918 442 637 546 844 508 217 784 188 787 688 87 935 147 86 142 506 725 760 169 237 570 515 829 531 661 267 462 963 338 820 955 937 494 528 72 4 295 247 66 983 267 776 698 315 27 844 22 877 879 505 568 668 367 610 617 999 455 889 557 804 381 521 280 175 281 617 146 694 717 939 435 763 212 500 425 905 612 935 155 510 761 122 881 765 184 350 512 475 53 62 289 24 
102 428 709 902 874 817 494 173 646 18 806 533 277 3 812 321 63 832 99 546 662 157 773 793 550 248 640 433 34 665 359 354 743 682 560 102 760 3 543 888 972 51 498 904 682 803 424 617 480 179 884 634 142 699 298 499 415 399 773 470 407 825 930 87 325 646 576 511 464 775 726 240 568 151 729 680 640 19 1 52 230 35 546 625 966 867 821 474 993 860 143 464 370 560 342 697 819 11 838 982 197 23 794 327 698 479 64 874 18 743 217 920 814 421 909 704 677 555 752 
835 796 279 654 312 959 385 276 93 690 695 941 181 260 964 621 901 400 996 773 649 668 334 88 561 634 487 584 218 138 236 571 751 124 671 798 261 915 394 350 407 593 966 969 854 891 817 570 166 151 277 112 957 700 98 536 521 673 964 654 613 144 127 479 293 645 258 749 802 951 827 429 135 291 599 570 706 319 133 345 289 128 295 860 532 766 109 786 589 141 411 780 360 527 465 986 394 984 541 8 480 337 815 655 389 645 982 674 840 840 985 997 727 510 489 770 664 189 190 71 
395 890 245 13 570 371 190 231 785 383 823 166 35 436 24 738 607 610 324 705 34 448 466 916 828 656 145 339 437 99 231 937 700 463 226 949 595 611 113 189 90 276 936 50 752 349 286 22 974 146 587 714 903 195 95 56 787 329 460 152 989 704 911 899 269 553 563 35 124 553 208 825 775 689 236 792 878 848 655 634 729 96 95 846 754 930 739 629 247 635 66 543 923 368 184 863 265 255 39 437 18 918 896 916 867 20 872 493 270 794 336 840 819 29 334 431 704 94 540 305 868 
1 680 509 807 237 48 362 883 58 637 83 638 76 183 425 188 607 949 453 97 120 145 314 433 83 559 721 285 876 269 932 934 122 888 377 696 307 380 314 786 155 66 649 788 747 721 909 64 890 356 704 373 453 86 998 418 663 18 464 456 326 782 955 641 116 608 222 550 496 918 779 933 979 387 999 876 342 330 277 188 173 800 454 617 673 43 933 102 822 777 181 107 970 316 860 398 419 644 683 686 427 423 121 868 758 66 411 875 295 580 223 533 329 975 420 282 110 994 192 397 415 416 
690 778 92 727 882 289 986 100 722 38 996 658 561 371 914 693 772 354 776 860 43 163 903 359 484 969 921 785 682 121 643 147 410 514 886 128 880 946 349 593 249 554 448 838 14 547 755 336 830 500 687 131 669 283 910 734 719 371 246 571 67 633 311 772 737 261 354 54 940 733 723 647 515 83 673 780 373 441 408 794 781 200 348 268 728 450 785 179 811 941 895 693 114 769 742 989 998 966 352 495 158 260 202 351 651 649 636 10 714 616 727 208 682 771 430 285 303 604 178 421 673 416 419 
994 766 69 170 239 839 908 556 745 474 745 334 658 13 556 446 215 852 339 523 541 980 453 244 326 546 143 507 308 600 997 114 73 115 944 238 985 166 159 490 159 522 469 739 232 846 555 63 933 365 330 404 352 457 310 821 842 932 91 614 751 264 178 753 73 200 436 405 616 625 226 430 951 14 86 70 595 510 863 414 901 804 792 698 685 705 305 706 259 776 894 568 477 859 163 828 606 554 702 992 835 935 839 182 238 778 821 468 58 572 781 209 809 46 660 493 780 735 910 551 977 673 234 397 
54 666 99 808 621 590 492 333 822 612 686 799 520 687 233 318 151 697 274 673 749 24 33 945 501 376 70 982 81 48 417 463 568 625 393 792 461 562 136 67 770 327 3 40 532 790 277 814 500 373 301 31 786 823 973 865 788 720 136 437 835 296 501 299 512 41 220 981 475 493 204 312 316 755 463 242 474 276 314 920 97 581 65 448 690 306 868 123 435 347 406 463 405 766 359 307 573 906 97 604 456 913 736 545 282 217 550 524 612 550 811 848 406 918 719 361 846 948 974 383 430 471 626 155 607 
51 203 19 651 364 340 687 958 987 803 146 622 777 617 237 896 134 441 312 452 5 148 970 806 210 145 503 51 904 273 498 616 343 979 531 799 338 557 660 651 372 148 700 327 11 309 345 679 203 650 417 779 144 580 618 529 939 971 467 629 911 526 234 597 148 511 562 66 504 375 825 167 65 201 176 906 708 356 262 661 626 625 115 441 839 435 781 31 10 782 991 870 70 701 258 381 6 87 77 837 252 265 695 886 754 584 923 89 462 285 350 748 998 665 133 841 870 349 758 180 188 647 412 999 505 579 
634 703 152 33 936 62 866 128 415 179 257 193 426 574 759 83 315 881 634 582 384 765 279 664 297 501 797 330 151 982 797 690 919 449 365 684 518 588 310 8 893 920 656 36 114 845 866 269 753 977 459 78 159 319 45 640 843 774 59 987 636 778 533 158 362 280 236 272 284 577 594 872 537 627 966 295 364 605 555 725 652 878 992 279 366 867 596 143 495 231 754 651 255 407 211 445 308 228 329 928 69 196 138 248 917 519 202 998 311 510 244 381 910 492 586 369 283 281 142 142 276 54 168 100 345 792 333 
297 86 736 544 202 215 636 793 288 533 800 453 933 575 717 691 501 422 863 521 147 874 183 531 667 391 414 399 412 89 435 241 866 812 890 925 968 12 310 162 401 786 202 800 497 182 727 345 770 703 246 619 442 748 937 938 113 882 957 204 560 754 464 330 144 53 372 292 977 444 672 419 620 817 978 280 642 112 784 672 331 198 95 829 729 715 915 262 343 355 959 679 984 218 762 107 857 461 253 699 607 877 433 146 773 409 123 751 147 986 132 583 246 733 561 931 849 525 816 151 760 994 462 487 170 995 308 776 
499 805 616 591 977 49 991 333 166 383 189 123 660 557 271 673 980 584 900 643 1 218 544 172 509 262 142 108 784 498 555 809 263 284 741 94 931 957 550 163 218 771 375 766 726 330 285 151 67 420 615 351 169 145 472 855 647 953 98 413 964 351 671 954 335 445 30 379 250 629 935 570 693 800 470 644 748 565 792 729 678 723 758 651 657 992 659 897 85 344 763 649 576 724 453 494 270 454 958 15 508 125 262 989 492 419 769 869 213 463 272 983 440 323 658 341 483 37 54 64 296 383 850 423 797 209 660 822 882 
304 23 435 576 183 556 935 876 995 643 72 626 815 877 215 309 142 475 465 833 983 107 243 476 197 50 365 367 861 82 150 733 508 346 753 905 796 926 850 444 680 832 186 607 343 74 80 685 679 791 813 801 766 832 150 902 301 792 659 301 946 744 574 921 740 924 101 237 398 641 865 341 134 686 481 746 791 53 126 538 423 430 820 243 2 105 936 763 654 587 662 275 841 784 264 6 273 345 747 848 853 796 855 636 292 110 952 750 321 891 596 790 23 893 783 985 792 681 962 226 582 435 261 753 255 376 898 477 400 404 
16 358 644 256 539 741 648 867 999 859 391 752 573 256 868 846 363 442 847 523 616 517 705 116 741 197 592 956 598 112 864 527 717 486 941 73 630 459 338 167 951 289 263 452 253 788 515 87 297 835 329 931 83 573 413 376 266 699 167 393 391 927 0 751 643 972 997 150 314 183 880 572 133 428 827 608 542 656 866 699 226 385 641 906 39 48 144 245 389 751 141 108 584 792 261 447 343 136 316 828 14 863 903 653 643 674 522 669 589 577 183 853 709 933 721 108 668 565 862 941 24 749 887 685 523 523 702 45 507 2 878 
69 59 951 960 313 169 11 405 981 72 419 689 251 469 588 939 826 703 776 889 868 801 751 613 912 445 650 532 71 381 479 443 461 378 325 699 439 440 944 46 264 394 156 248 589 808 182 335 124 915 389 17 876 970 253 473 402 563 646 987 791 614 582 286 738 885 81 719 360 649 362 203 620 54 455 256 784 431 35 685 727 274 917 906 686 882 641 739 202 951 61 266 234 754 539 254 756 166 962 493 667 826 865 96 572 654 649 300 291 256 257 689 482 598 672 84 485 631 933 665 299 15 203 748 556 174 192 875 313 222 458 159 
187 499 529 261 203 667 412 712 427 940 768 565 471 976 326 453 350 652 46 988 171 273 401 98 985 364 727 387 680 841 489 109 523 958 740 851 361 356 769 506 146 268 976 943 231 767 657 789 111 353 886 641 81 447 881 620 26 774 55 994 804 682 464 884 434 322 112 850 799 165 273 862 474 684 732 585 203 206 186 947 131 260 485 115 76 841 240 726 663 401 676 810 103 373 616 421 203 202 149 231 999 19 542 237 963 484 587 36 966 770 130 78 345 512 371 785 521 241 382 396 784 530 117 682 351 12 547 879 2 509 282 154 524 
10 985 629 774 742 930 386 76 798 714 166 752 479 404 15 851 396 450 942 821 833 371 53 366 667 619 941 229 343 662 865 745 769 730 38 667 755 573 932 278 514 794 30 291 644 34 7 264 266 959 240 261 963 617 729 500 175 145 85 909 253 66 892 170 436 1 74 71 28 298 972 469 443 188 4 855 921 402 852 781 83 277 944 506 121 433 169 960 79 25 743 134 359 780 935 574 348 10 682 423 996 558 965 362 300 2 278 161 202 427 122 599 987 206 80 29 473 949 409 979 977 404 837 319 668 169 947 217 258 187 853 128 256 747 
637 657 142 129 538 73 418 919 247 539 327 493 560 576 526 3 442 608 655 788 80 64 628 272 343 415 342 714 141 690 773 702 368 510 162 737 60 343 194 902 21 983 20 310 711 812 432 915 575 814 340 318 840 847 720 822 284 973 456 954 452 319 74 706 212 692 609 285 300 425 551 576 817 582 704 849 339 599 213 679 107 608 541 919 26 155 578 184 292 577 567 883 265 287 202 491 855 779 830 92 601 640 503 693 69 523 657 683 522 648 557 12 268 674 554 471 889 561 156 496 548 138 572 292 205 586 764 589 63 617 28 433 25 988 594 
57 397 827 403 174 805 655 869 910 100 883 593 178 235 7 68 157 99 558 494 183 443 296 816 188 683 412 186 436 558 969 625 568 225 975 436 711 199 684 247 235 873 505 213 197 817 225 203 599 131 245 730 621 67 943 635 471 525 574 397 403 245 479 624 650 167 455 366 711 855 22 1 548 514 968 707 586 967 417 499 673 708 500 560 293 597 799 873 889 716 308 703 674 789 960 879 650 346 531 603 284 480 570 614 199 618 379 446 333 483 502 881 171 238 790 429 541 232 880 70 820 35 212 76 165 54 554 766 966 972 361 199 976 722 29 81 
85 315 378 401 909 509 191 519 879 931 486 268 372 283 409 357 204 353 523 294 473 952 924 684 643 719 205 38 589 894 758 214 14 167 813 782 979 213 33 28 578 80 200 843 413 834 523 233 347 311 827 515 128 303 885 493 143 856 946 33 975 614 902 840 627 648 23 667 375 237 650 694 885 997 897 74 278 937 188 267 527 513 276 649 605 641 707 786 771 786 66 261 109 358 516 899 446 269 920 132 433 560 890 941 92 57 992 396 836 125 57 998 30 224 4 666 436 917 32 206 603 200 347 642 858 616 895 814 495 17 355 237 67 484 394 30 700 
113 673 909 574 131 238 281 193 536 302 112 606 815 119 516 669 735 35 440 663 351 322 443 995 890 628 14 500 813 956 270 285 623 318 106 673 209 330 882 13 929 620 31 743 564 30 931 293 951 226 3 914 647 603 821 741 462 455 439 193 957 961 516 989 409 446 547 578 645 227 389 827 179 243 658 553 504 453 506 729 596 993 424 306 207 368 438 130 204 679 88 904 331 736 324 678 367 866 301 137 155 739 622 292 994 814 721 872 481 957 514 42 33 285 871 881 752 654 196 278 899 23 180 925 940 78 171 735 494 256 786 326 626 924 616 28 667 799 
710 792 672 489 583 191 389 804 742 112 217 753 421 712 901 481 323 526 495 150 923 853 945 228 993 365 41 647 160 431 794 663 718 849 193 33 251 217 469 725 755 60 496 883 158 634 552 310 354 894 537 781 496 647 293 729 990 811 97 501 966 208 943 288 653 596 114 58 969 874 773 259 525 143 590 139 863 628 306 115 256 603 997 721 275 757 113 720 826 613 214 167 125 127 329 669 999 293 589 370 344 475 316 158 690 565 833 49 914 587 802 796 309 536 280 859 726 935 228 404 251 591 733 113 163 572 64 115 460 187 972 185 481 451 784 932 373 885 465 
785 589 163 861 859 437 522 908 734 762 607 41 249 219 726 915 99 389 649 938 317 798 505 661 315 941 382 751 431 896 911 355 753 421 907 536 892 811 395 924 797 44 333 751 613 155 793 530 387 957 876 813 459 705 58 350 251 851 801 575 603 479 672 142 858 493 955 584 953 565 442 468 218 217 464 103 342 49 43 554 181 236 522 112 323 955 20 590 822 921 114 630 206 709 540 379 688 835 103 491 493 991 41 58 878 792 974 103 924 425 896 237 410 676 649 874 721 132 691 433 869 851 846 992 631 989 826 467 409 518 552 636 681 21 175 245 685 336 810 711 
574 837 375 802 243 486 540 249 556 838 490 274 854 134 926 750 192 276 600 301 381 585 530 552 28 831 192 11 589 855 631 586 695 954 551 937 697 608 468 326 609 924 418 441 203 973 504 372 638 85 283 867 53 361 126 877 307 720 211 267 715 129 814 2 960 986 988 818 454 274 165 807 166 822 868 250 967 891 864 384 218 162 226 843 774 724 622 607 418 629 806 722 217 321 846 739 251 778 856 497 38 976 631 540 369 754 993 308 509 241 636 521 943 639 201 195 760 211 108 525 554 235 226 16 81 167 671 243 387 508 256 418 834 319 395 380 717 708 263 958 533 
823 426 165 83 477 31 72 433 0 549 925 611 697 609 883 293 570 36 268 852 720 999 666 968 695 668 597 882 308 80 742 793 915 208 61 973 248 680 28 770 872 388 724 938 170 686 556 865 358 441 845 863 971 494 929 105 935 148 797 564 413 581 129 970 926 115 798 993 723 339 240 927 973 174 539 780 430 102 481 117 134 82 175 33 126 870 140 957 292 761 238 957 773 991 114 990 79 993 147 650 367 383 369 347 90 30 989 720 10 186 257 532 883 395 308 822 525 293 377 997 110 668 320 28 450 14 502 373 645 65 330 915 715 222 607 23 651 590 110 279 139 554 
192 56 417 861 407 155 603 478 853 157 54 29 621 77 928 113 949 868 369 642 743 906 113 16 61 20 933 320 757 96 771 257 61 924 648 551 969 445 805 261 870 858 358 206 836 256 0 77 519 708 271 889 969 993 583 143 43 611 901 567 85 912 572 434 474 482 46 706 376 355 394 953 913 644 0 294 915 961 726 857 124 543 551 61 246 240 354 874 532 187 937 483 202 70 611 808 520 870 564 109 540 339 42 176 898 518 564 13 759 17 966 474 693 426 797 454 810 507 862 602 559 681 240 89 832 887 264 402 320 795 173 974 269 59 541 278 332 687 124 434 305 704 545 
44 727 963 641 648 322 912 532 351 850 350 682 79 689 299 456 244 128 603 797 346 225 136 492 475 842 117 370 411 87 805 420 408 559 671 717 549 191 408 960 45 315 564 409 504 254 902 222 99 984 303 543 779 54 335 226 974 895 828 544 26 829 152 370 423 972 380 275 482 511 26 606 950 855 423 244 733 295 740 212 996 165 488 843 520 989 51 986 17 501 349 170 895 40 784 752 93 101 984 446 244 635 210 111 49 206 223 6 743 730 871 247 941 302 770 338 138 967 994 187 176 397 395 288 392 459 51 553 900 422 15 465 54 526 156 287 260 748 351 732 305 268 824 843 
999 704 916 780 262 975 274 71 181 348 758 809 684 165 835 923 897 426 263 579 595 814 800 486 690 993 103 124 585 441 372 519 192 100 551 236 172 297 870 479 760 41 195 207 756 606 385 127 834 128 60 69 619 571 950 625 899 78 365 467 861 425 228 497 427 55 181 190 714 671 896 861 391 785 524 445 703 999 273 821 528 475 848 162 78 284 754 46 70 118 354 766 825 244 429 768 380 708 986 518 955 235 987 930 138 462 799 401 834 87 478 293 724 151 811 320 436 706 523 565 460 79 323 123 805 136 174 120 892 785 677 480 151 46 484 190 430 681 430 951 470 103 165 998 273 
84 981 698 516 305 930 547 559 694 841 270 26 101 900 762 567 136 783 32 645 610 929 661 691 606 823 668 711 839 241 185 643 252 669 618 302 572 719 930 208 940 50 303 352 398 164 854 396 410 171 908 254 254 349 736 395 923 386 753 175 926 60 124 81 637 145 854 237 276 83 757 200 517 148 99 395 114 472 425 128 300 152 354 209 950 650 361 492 864 553 275 586 248 176 411 344 178 311 301 33 254 984 337 474 461 768 782 480 806 729 385 468 77 456 734 511 428 348 225 266 204 346 162 442 746 383 701 991 85 43 863 94 423 21 658 624 246 88 829 773 615 220 464 898 540 653 
703 806 80 924 498 631 155 795 830 380 128 238 526 858 649 705 952 972 317 301 825 882 613 684 164 211 908 98 478 994 488 490 493 521 571 938 463 303 10 258 793 683 978 797 329 969 73 526 829 796 585 657 7 621 566 579 654 508 189 549 918 816 931 946 309 811 173 946 633 726 215 710 114 484 525 324 449 665 145 444 332 947 283 153 862 819 825 185 524 784 815 746 1 415 141 201 125 168 874 247 131 608 180 522 419 721 391 192 435 737 741 31 615 471 675 482 224 0 231 446 998 312 815 196 993 114 618 129 658 491 533 100 84 239 425 686 580 436 601 993 410 130 607 955 368 270 900 
875 293 143 909 720 850 653 547 263 943 806 85 262 302 575 264 227 491 830 156 358 466 75 951 68 824 112 712 979 545 893 452 974 405 235 15 78 508 133 710 950 499 577 254 913 570 995 720 437 794 175 632 823 137 940 950 238 385 941 586 553 868 645 899 687 83 842 277 781 368 495 753 536 861 549 803 701 543 726 467 980 466 233 242 147 302 625 129 789 152 881 274 956 514 358 507 132 837 174 286 476 526 496 876 304 509 607 239 601 50 286 517 477 314 270 977 589 168 294 722 230 307 953 692 494 334 100 671 894 562 452 693 166 29 216 176 896 258 90 719 545 943 378 265 47 616 124 101 
463 998 914 430 412 449 752 796 891 133 933 116 470 648 314 986 67 826 26 961 508 579 34 755 608 274 892 545 272 467 345 828 521 533 846 142 640 275 738 121 33 450 163 255 776 524 412 895 125 442 46 60 946 158 569 7 209 833 891 821 840 971 845 344 489 181 956 576 37 472 211 868 67 370 310 408 243 742 502 112 173 668 539 801 718 691 831 281 729 655 100 432 489 775 342 345 473 174 406 672 273 75 556 663 86 991 321 319 985 780 789 91 418 163 590 707 984 635 863 889 773 353 670 747 902 208 253 841 259 703 406 112 348 154 589 366 451 369 291 276 124 747 442 909 881 445 607 292 928 
750 47 119 796 667 181 986 705 543 412 443 531 746 243 280 210 533 926 434 538 995 335 709 894 258 955 571 825 405 601 402 941 256 630 600 896 667 376 901 789 898 901 866 947 465 263 81 205 199 781 285 812 723 123 55 253 495 162 906 376 502 754 461 545 711 19 333 391 41 778 505 121 844 657 7 3 273 563 334 720 209 410 444 841 707 558 434 26 493 631 222 564 771 922 28 828 995 300 34 308 679 461 461 733 319 453 218 719 207 488 543 344 739 367 287 416 65 477 53 96 171 412 540 790 3 146 91 288 859 776 307 787 796 528 412 523 26 712 541 818 962 394 749 174 253 911 115 552 67 776 
329 453 874 801 271 824 408 245 580 582 738 164 679 442 58 104 994 984 839 548 55 343 40 526 712 388 342 971 618 142 272 43 72 710 980 617 716 545 783 475 310 182 848 186 813 669 781 424 285 302 720 604 287 320 686 980 726 987 319 932 239 43 554 714 847 779 394 447 137 460 605 269 428 236 481 739 283 94 93 486 612 663 244 822 522 261 189 960 510 610 971 683 934 549 570 986 284 629 509 452 626 268 364 703 954 272 390 253 229 620 134 43 12 523 676 150 488 62 938 767 878 831 257 481 907 331 860 637 640 714 703 602 976 66 919 437 969 203 215 543 486 838 68 176 192 337 292 439 30 512 4 
556 79 342 523 819 258 635 190 932 484 474 89 259 73 181 652 238 641 314 535 335 415 183 673 654 121 212 706 797 810 372 417 862 544 810 423 968 996 505 766 772 75 91 241 607 128 145 311 793 73 297 200 405 742 938 810 683 272 60 355 867 960 172 825 910 116 203 270 833 987 741 815 73 986 62 576 747 651 252 776 89 470 913 427 648 756 501 765 748 324 460 583 738 604 629 973 983 655 756 30 545 979 805 910 678 354 521 570 715 166 124 557 527 432 291 230 132 625 769 279 525 651 559 18 356 518 143 685 854 202 418 796 819 753 758 964 147 566 123 46 466 419 14 47 596 711 204 330 45 258 26 465 
705 127 391 370 283 427 361 527 994 789 560 582 623 932 264 332 882 778 371 371 472 730 172 461 11 323 55 77 117 260 223 455 858 899 126 256 652 956 141 850 580 397 647 303 390 615 754 805 312 63 738 216 712 81 54 414 169 981 501 631 421 822 661 359 937 781 570 235 710 818 719 931 903 451 122 607 329 754 539 727 559 715 404 732 80 454 559 126 92 866 21 157 410 72 941 416 5 88 336 451 101 895 640 743 953 507 82 229 408 701 460 693 227 940 325 332 10 217 224 334 637 102 113 138 266 102 182 459 199 787 823 45 524 342 933 747 393 251 950 987 931 301 115 118 816 210 667 220 660 809 276 146 647 
961 12 159 710 930 740 684 184 508 61 578 352 84 584 578 162 332 200 526 822 350 232 786 397 464 17 911 841 459 283 507 174 727 683 42 136 166 207 643 251 659 727 885 279 400 277 486 793 913 282 509 164 863 7 440 201 419 469 830 347 974 504 268 111 827 926 340 105 660 649 526 82 367 481 570 556 462 77 473 423 941 601 913 314 109 972 249 505 377 436 557 577 546 673 58 433 696 332 772 834 970 678 312 362 16 675 998 297 772 841 482 410 587 663 280 239 69 587 343 497 22 194 931 106 873 319 838 936 554 472 927 228 923 606 73 507 489 441 487 773 506 723 425 576 709 901 652 524 466 118 423 412 854 762 
981 428 260 580 920 855 102 833 836 322 630 158 921 666 237 805 262 220 555 788 68 545 479 636 707 14 423 350 89 144 74 517 480 759 913 995 922 308 175 51 262 824 8 802 689 780 590 642 293 528 129 993 435 996 463 42 386 711 44 403 648 409 578 575 905 476 621 247 351 169 849 42 894 407 730 425 737 745 618 924 799 802 258 239 951 223 360 291 113 587 517 683 71 520 846 891 40 767 741 48 777 18 567 775 561 1 977 409 37 406 671 614 764 479 938 778 863 676 67 84 999 882 269 405 657 11 74 760 32 104 70 977 862 478 443 207 202 505 456 758 910 154 760 464 654 574 352 494 465 291 613 712 703 450 848 
926 532 311 740 933 411 464 421 620 66 439 285 838 494 228 454 954 12 608 493 177 339 337 307 978 819 688 948 882 79 74 248 299 591 925 547 292 337 416 626 270 595 504 143 674 697 273 536 700 114 213 335 200 770 690 860 16 767 120 823 985 158 827 640 586 239 482 975 135 691 99 986 780 291 602 138 919 346 112 444 536 430 267 128 536 66 563 745 905 475 546 674 152 541 388 110 868 521 924 530 812 881 796 943 392 303 862 710 211 385 308 209 340 693 317 270 460 865 514 893 945 842 904 457 146 560 905 766 184 682 253 614 280 862 28 401 892 529 917 254 751 324 500 386 809 959 470 269 457 306 401 856 594 837 32 563 
535 540 700 318 261 958 739 411 592 776 145 466 716 582 403 396 52 396 158 117 440 795 845 678 684 991 597 478 889 492 834 372 878 648 50 522 227 585 199 544 1 6 499 793 319 439 745 193 15 0 147 646 109 650 775 482 699 260 956 71 589 570 333 356 923 410 793 920 501 502 645 40 504 861 362 130 49 300 848 530 108 249 399 64 406 301 826 407 891 249 727 590 896 956 580 677 455 861 272 935 589 910 293 266 671 794 466 728 529 879 580 784 227 529 787 92 426 170 987 482 245 649 178 761 876 843 767 246 24 315 494 423 277 565 113 148 538 871 22 131 177 337 659 980 903 14 202 948 590 784 380 582 2 51 726 759 641 
694 532 437 950 68 66 326 850 142 25 58 417 707 855 741 14 231 385 558 604 93 379 464 727 109 634 616 545 711 522 831 991 600 950 152 191 998 995 454 945 484 409 619 118 608 95 687 944 73 538 457 80 861 600 264 413 615 662 785 607 507 58 192 919 166 786 367 216 447 904 953 784 503 651 354 347 729 729 865 706 446 496 855 230 253 107 202 972 899 364 495 271 909 899 78 183 401 657 488 70 970 199 516 32 71 187 955 66 285 201 991 353 974 970 805 335 250 599 364 445 692 133 287 67 193 229 122 32 199 343 875 936 683 385 851 70 351 308 354 351 422 188 443 732 127 293 704 34 981 443 499 0 984 628 752 253 244 199 
807 204 810 242 250 647 277 825 407 342 500 94 138 157 274 311 41 58 93 619 207 413 178 100 402 648 624 192 254 885 803 155 525 182 997 937 715 511 564 615 621 28 955 500 17 253 885 410 279 686 832 777 782 788 127 981 453 159 29 194 856 62 307 279 543 339 574 127 277 776 494 992 591 773 320 109 686 371 264 907 421 966 45 633 592 689 285 8 364 566 716 103 976 617 825 950 426 802 818 194 573 581 523 510 96 214 984 72 72 342 639 693 531 245 147 456 798 355 955 515 128 806 21 732 122 686 253 144 833 291 606 532 169 756 491 337 999 150 87 653 294 22 965 488 102 986 727 985 312 817 342 93 751 149 754 180 413 536 318 
345 672 440 419 723 443 39 76 816 192 31 121 191 793 841 179 447 633 92 104 659 46 415 350 841 975 435 740 410 464 802 148 993 609 224 256 465 404 138 121 780 973 266 814 538 61 563 516 218 297 988 721 335 775 642 396 672 893 144 216 752 23 5 84 938 629 711 899 0 437 764 328 734 586 220 470 871 749 344 256 54 832 989 394 149 485 281 332 598 373 124 172 923 334 835 744 57 183 778 66 888 639 732 453 39 635 587 440 422 543 574 904 331 545 241 989 877 146 754 110 634 152 66 285 67 802 565 269 746 834 241 138 433 987 56 82 558 818 890 738 87 147 383 78 563 381 305 110 791 203 713 87 470 890 113 211 586 661 755 875 
290 839 63 929 833 162 488 290 90 887 97 815 122 479 793 685 404 357 380 212 996 394 596 822 374 920 894 43 702 230 91 492 977 403 629 996 633 242 137 363 696 800 460 555 504 891 67 176 854 89 914 226 61 889 889 998 222 827 160 513 603 854 139 146 36 302 911 308 374 499 287 262 268 161 342 670 161 359 181 251 609 204 141 738 896 283 47 224 995 445 994 836 737 173 804 102 875 751 472 733 214 501 284 717 942 151 203 357 368 211 460 771 886 767 309 822 319 142 694 879 386 173 608 136 910 139 887 484 408 966 969 631 77 329 642 175 505 720 892 158 93 132 832 443 32 350 412 16 485 551 163 477 764 589 31 132 586 544 511 134 227 
204 269 669 428 574 55 749 139 789 561 976 780 93 938 402 118 537 685 908 482 564 861 86 182 973 319 810 564 514 611 739 935 687 644 449 397 115 902 410 12 190 797 550 293 219 905 748 839 883 26 58 27 748 13 739 83 110 189 810 510 691 397 903 166 112 459 356 317 73 266 437 671 965 502 613 790 886 611 799 918 765 894 102 480 10 46 883 852 218 270 288 420 986 315 732 660 200 936 712 699 886 674 556 555 699 340 863 598 339 729 533 89 380 240 396 377 934 563 548 280 322 575 633 413 764 270 123 280 47 562 570 130 62 131 412 334 416 379 306 697 219 360 711 832 983 262 833 825 265 142 826 682 173 286 636 838 680 678 773 544 988 643 
352 56 211 962 553 758 663 611 426 106 375 731 504 681 28 824 264 771 57 537 364 600 741 36 97 293 950 449 12 401 725 121 46 757 202 604 773 830 147 637 364 354 677 540 966 509 178 297 939 834 720 585 232 80 76 721 33 703 342 970 354 253 265 916 690 278 735 141 512 815 394 522 589 178 757 557 195 440 750 355 888 417 369 240 504 854 298 203 288 577 438 950 430 498 158 747 840 166 579 388 202 782 859 285 847 763 29 181 688 683 430 38 724 664 387 324 138 419 402 212 788 31 974 494 379 569 444 269 797 673 640 276 925 735 381 712 421 222 688 299 179 861 800 497 569 136 475 892 26 700 935 937 493 300 508 981 955 375 992 519 408 408 999 
157 373 571 456 478 544 406 55 516 857 41 446 193 524 331 483 303 411 946 226 837 789 976 970 627 440 285 633 478 858 183 488 771 518 41 90 659 72 943 925 926 66 850 34 324 933 991 469 633 683 433 809 503 276 546 194 174 878 244 10 358 251 603 904 238 912 663 317 574 717 92 406 738 682 232 415 882 995 390 145 742 372 922 599 569 378 684 699 634 328 210 7 977 512 937 490 503 841 187 987 917 562 91 286 524 183 78 915 325 310 970 799 719 175 247 72 790 837 645 567 989 64 339 850 258 254 747 737 339 184 891 459 192 560 29 359 397 610 693 940 631 647 563 15 302 508 272 313 745 155 309 909 435 430 775 654 873 795 555 432 892 194 440 624 
917 332 534 615 3 683 831 841 812 894 950 278 460 954 255 384 29 595 426 499 500 237 982 335 470 111 347 149 178 657 434 149 198 78 687 461 325 258 375 127 986 459 264 263 630 763 992 7 451 178 44 944 236 499 253 237 212 378 402 515 933 690 478 851 326 329 640 416 335 913 826 569 857 289 678 808 792 218 534 255 11 408 668 626 447 570 166 358 267 276 783 240 420 334 885 300 790 596 699 370 766 945 270 770 809 902 89 714 127 6 578 451 940 869 16 55 893 828 426 209 324 145 546 940 350 472 436 731 531 628 790 326 211 304 732 566 343 989 918 725 64 683 855 268 691 531 704 317 91 260 68 891 779 312 216 231 525 386 95 968 703 816 95 27 31 
303 195 710 71 582 647 987 995 279 961 87 630 262 87 671 625 245 421 82 121 310 865 645 730 202 425 105 491 479 833 254 221 878 976 225 989 238 143 979 194 443 327 871 943 937 458 528 8 553 151 436 138 406 324 345 563 721 584 111 179 610 310 200 294 483 229 622 114 948 321 3 940 230 703 571 711 288 926 507 129 19 669 991 275 561 245 900 739 522 981 81 891 953 404 620 543 488 667 373 287 551 493 608 158 752 737 425 410 871 791 322 49 27 382 746 841 128 49 689 95 302 332 663 493 23 576 958 567 852 523 673 899 907 862 739 659 220 768 240 778 781 332 261 644 59 826 498 66 338 327 185 612 142 94 167 288 31 362 671 167 388 84 446 405 703 188 
625 582 650 989 195 90 877 19 389 624 574 901 807 897 57 457 944 47 486 178 25 833 897 834 850 24 664 301 271 172 102 884 480 153 655 853 482 684 440 353 447 310 264 738 979 156 990 640 211 957 681 949 918 223 619 861 372 86 143 381 502 940 119 427 573 96 398 963 281 497 681 427 229 143 16 901 913 336 25 600 181 493 794 876 423 231 314 795 468 221 892 583 724 546 597 884 107 813 448 869 336 478 846 178 367 112 128 565 190 34 548 475 512 346 988 626 211 981 771 629 456 395 795 999 429 276 91 115 811 296 582 769 316 332 33 88 170 27 30 988 362 223 652 359 920 249 959 28 347 369 921 261 914 970 141 190 508 30 410 955 633 509 948 103 515 209 448 
389 71 167 696 805 715 107 150 792 572 231 970 905 257 770 183 75 218 961 744 847 172 54 212 99 569 82 655 597 975 586 545 703 499 208 124 62 442 74 419 999 226 782 623 482 925 266 941 596 386 486 479 390 692 314 550 339 468 572 430 217 365 553 149 556 529 414 519 859 766 230 694 654 513 773 596 289 866 623 792 51 402 281 354 684 331 315 242 683 173 1 356 748 896 452 33 782 645 813 491 77 328 632 70 916 731 715 945 8 500 480 958 73 405 492 974 209 596 560 700 904 566 434 900 609 946 441 843 820 657 937 736 674 326 211 73 485 470 380 471 273 839 511 72 746 375 948 498 222 384 794 977 291 770 422 789 631 584 898 674 631 962 979 969 220 552 93 625 
90 399 16 632 274 372 128 145 17 269 235 164 496 821 380 832 884 995 462 284 202 178 584 515 199 818 924 971 937 372 21 862 212 956 980 592 4 813 481 679 356 483 505 828 924 38 553 488 308 521 702 401 655 33 785 973 241 460 575 283 700 520 262 531 614 217 19 718 300 314 26 10 696 222 61 76 527 70 67 305 476 643 883 571 42 318 573 853 43 675 845 561 671 534 90 604 99 53 996 138 271 6 46 466 7 323 634 102 904 85 68 322 164 938 532 62 400 568 728 329 323 295 394 497 181 874 895 427 776 919 496 228 543 407 847 168 995 443 306 805 310 382 732 766 273 982 462 626 913 69 100 716 354 206 594 812 128 112 156 170 981 928 743 366 891 143 579 457 332 
600 233 7 19 112 924 9 663 797 457 414 601 896 655 490 397 283 387 630 116 315 933 628 720 699 448 375 219 593 919 771 576 362 297 969 123 367 444 757 832 225 23 900 484 149 588 2 312 873 88 137 448 836 295 719 175 717 110 601 172 909 937 602 819 33 672 519 647 345 219 265 434 37 335 914 258 901 589 214 853 451 749 698 395 25 910 29 626 979 563 62 99 776 674 702 729 792 8 189 910 631 144 568 619 44 303 853 247 272 165 694 53 341 272 118 630 242 498 918 764 873 714 56 695 586 592 714 435 831 555 154 25 746 994 643 77 907 796 149 909 250 717 176 878 855 537 369 676 729 573 926 837 665 649 311 196 67 791 20 115 56 506 248 287 90 767 68 785 659 884 
80 71 769 254 764 636 980 890 486 917 219 561 820 468 332 34 263 110 714 845 698 735 147 66 736 945 402 792 321 264 344 490 365 986 46 467 246 535 815 619 709 489 679 529 10 217 351 830 914 777 34 709 285 491 461 698 651 317 320 927 581 433 587 318 450 669 847 797 607 18 182 26 911 570 249 326 357 929 959 510 696 923 64 758 982 879 761 761 751 911 70 243 114 184 551 470 498 11 585 451 854 173 784 751 112 913 881 608 186 300 157 945 741 530 368 12 113 464 361 321 74 511 242 843 980 1 626 450 120 277 839 335 925 122 37 727 63 578 203 657 822 886 159 99 356 341 809 841 132 676 480 166 894 416 498 814 714 310 636 583 329 674 292 866 124 270 422 985 45 762 475 
678 362 243 401 428 442 945 353 677 274 502 659 2 40 401 833 751 210 768 467 221 809 114 878 912 868 802 275 742 988 599 607 938 797 604 37 315 359 110 439 937 923 93 610 519 475 84 446 588 779 871 533 985 245 386 229 817 513 485 135 71 673 624 961 965 8 572 660 817 545 921 944 34 220 355 196 374 471 717 22 660 477 771 432 569 819 39 5 340 640 913 423 956 940 34 32 927 976 527 714 373 247 608 501 894 340 302 285 836 783 619 277 519 396 55 809 982 917 47 686 821 837 524 501 592 560 948 634 655 762 57 766 239 551 711 73 313 478 268 36 908 250 398 620 372 699 220 830 465 682 113 507 741 327 443 778 473 160 881 129 871 192 984 886 72 699 87 461 864 128 937 793 
719 17 686 267 821 499 428 291 709 531 834 576 71 723 489 476 574 255 41 416 525 829 966 194 250 155 736 708 834 820 972 263 320 170 370 195 529 758 151 825 821 713 786 827 205 977 164 953 438 127 671 118 987 959 736 96 697 731 729 5 772 920 725 811 225 529 255 578 607 734 235 601 653 277 923 207 351 530 351 244 931 476 403 31 305 422 312 179 387 123 483 295 258 368 785 134 616 605 178 448 316 452 335 575 933 437 509 770 475 331 531 237 5 454 296 712 735 486 214 135 266 717 443 815 686 279 123 818 47 679 827 449 598 198 477 598 818 571 652 31 307 698 995 127 216 975 566 645 327 707 247 380 207 593 728 865 642 233 333 160 40 61 324 456 795 995 413 857 281 988 461 136 924 
577 742 739 540 497 269 267 950 939 251 613 653 21 777 862 928 978 297 299 381 720 389 808 719 146 998 422 108 581 996 782 739 877 621 935 116 739 825 989 975 104 762 251 751 900 533 145 85 159 882 252 593 813 331 818 926 470 468 787 841 681 973 970 515 121 83 143 26 920 682 361 808 260 605 233 429 914 497 233 539 682 674 439 500 386 925 370 70 673 308 964 114 992 586 868 700 434 897 485 380 320 815 925 644 742 135 752 284 605 832 732 996 598 424 837 62 172 809 396 377 106 151 130 463 214 745 375 722 730 230 77 941 450 747 20 699 602 318 912 401 720 857 674 656 418 977 556 50 79 764 753 144 238 611 137 718 937 449 826 311 690 538 376 116 137 778 716 793 304 951 974 957 153 399 
857 294 440 990 463 393 602 594 346 890 59 272 480 638 549 610 812 251 330 616 384 949 523 873 142 625 6 852 683 144 411 214 680 20 550 909 200 165 87 347 329 164 135 859 956 121 829 423 61 584 239 99 982 442 635 607 254 411 647 959 430 962 206 884 720 929 822 99 897 148 722 658 220 836 931 389 688 945 958 233 151 694 253 609 411 216 207 684 316 262 176 351 356 561 164 910 300 535 542 256 183 352 267 857 804 347 815 784 836 803 317 212 660 994 117 277 830 852 941 909 694 269 739 487 480 196 253 86 539 808 374 167 504 324 521 185 496 724 539 345 621 8 354 791 519 764 495 322 32 189 236 234 215 972 435 124 689 376 295 986 60 648 582 876 200 907 704 573 609 96 938 857 384 413 385 
526 444 295 947 515 417 416 318 762 864 107 594 77 541 832 858 608 295 259 139 951 514 947 327 478 54 268 160 715 276 566 769 183 299 408 108 908 470 84 189 908 739 309 575 373 84 148 513 529 171 697 587 458 517 170 752 507 941 637 33 800 27 839 224 634 59 189 979 909 580 878 579 407 730 997 56 21 126 455 630 906 581 43 990 850 364 907 211 525 487 297 264 53 55 381 196 651 524 436 155 323 974 284 630 837 74 411 886 295 631 942 561 50 202 645 373 737 728 94 590 658 917 443 872 79 395 432 477 486 785 203 508 182 870 497 341 4 419 409 428 466 403 734 863 840 892 807 464 648 147 593 950 586 560 418 745 53 126 946 679 805 478 246 535 533 789 826 452 22 169 498 505 696 614 715 811 
57 688 31 200 887 113 796 497 589 677 890 868 731 65 674 278 513 750 869 732 337 867 656 955 233 353 794 146 645 153 510 934 758 932 161 788 276 349 875 798 694 656 196 439 214 211 49 356 92 458 946 195 930 970 9 156 737 52 641 898 760 579 443 759 66 959 806 361 435 93 615 689 899 79 743 641 627 560 790 55 520 411 758 503 121 488 243 203 171 588 953 276 667 574 87 761 976 624 820 128 862 448 864 749 526 308 783 589 82 803 668 338 351 67 318 911 692 784 443 701 163 431 820 647 70 17 725 913 137 981 343 770 479 404 715 793 944 216 633 954 443 787 649 650 465 466 930 438 225 887 896 483 186 271 442 1 837 420 747 510 573 391 773 496 745 742 581 300 57 597 606 17 486 119 653 828 776 
192 794 368 410 761 497 393 802 106 264 823 932 600 692 411 997 752 876 828 662 836 460 646 3 358 227 827 543 752 719 6 729 102 12 467 952 869 900 328 621 264 699 836 456 896 864 101 95 15 769 427 456 254 826 88 444 661 984 852 997 226 238 271 829 823 827 924 307 887 879 179 311 730 235 170 970 459 98 767 280 729 166 327 191 327 869 120 126 79 37 102 677 373 673 243 35 878 298 900 844 785 638 275 546 754 168 279 681 146 16 562 493 837 899 100 256 636 493 430 291 53 586 57 56 661 363 281 773 711 369 32 378 722 210 663 922 725 658 954 324 476 996 357 779 220 127 682 875 863 567 835 860 915 54 918 883 871 791 335 350 472 408 161 103 607 208 417 818 37 133 263 180 872 536 965 363 949 345 
775 514 835 116 328 25 284 781 731 219 273 964 472 404 427 560 93 96 427 673 409 930 550 759 215 401 638 139 707 460 456 117 774 553 721 140 694 219 128 612 491 561 726 984 933 856 19 328 29 294 463 416 285 361 790 590 627 372 588 698 671 812 105 2 503 523 74 821 19 854 814 836 870 745 247 520 739 922 244 393 275 92 84 640 226 561 523 892 666 332 912 212 741 336 910 778 505 898 844 627 873 704 298 298 924 48 545 86 833 612 116 545 710 901 197 752 642 512 246 348 630 759 668 674 415 371 263 493 397 390 131 267 609 387 236 882 434 681 0 268 270 192 407 221 546 938 976 620 328 477 441 490 942 404 207 765 809 799 116 937 125 158 81 905 349 936 177 384 14 922 84 876 903 781 464 914 886 518 186 
847 686 45 704 995 314 969 403 329 801 667 587 812 454 63 130 881 883 841 282 778 924 525 645 11 742 689 631 366 947 811 155 825 574 917 72 764 852 292 832 360 209 739 751 998 654 81 630 577 225 946 11 333 79 669 991 765 300 481 396 832 840 751 305 259 938 898 494 73 167 815 805 465 107 961 314 554 232 831 300 735 773 888 483 629 393 431 951 880 40 372 301 143 801 907 55 725 893 479 896 948 48 13 739 75 650 854 813 749 67 646 305 126 640 621 751 345 293 121 332 714 829 792 97 563 911 702 387 55 483 133 210 134 143 34 601 766 860 755 974 61 838 426 247 840 475 400 748 555 604 120 372 328 696 326 915 651 76 791 165 384 648 149 568 407 422 789 325 268 321 123 335 178 649 857 782 559 40 662 159 
174 242 489 286 115 552 218 150 376 302 966 128 131 604 290 158 655 74 324 650 238 855 616 372 575 70 352 957 469 854 54 905 811 811 304 162 50 258 792 515 786 492 165 3 195 123 81 376 572 65 504 259 524 785 842 844 160 433 265 989 896 412 856 155 367 727 582 247 385 25 747 190 309 219 523 256 460 247 111 521 992 144 370 828 849 441 180 537 710 257 310 694 590 768 921 490 17 478 911 839 9 339 799 613 604 941 887 592 359 474 2 811 988 542 862 417 248 549 50 975 187 535 995 528 830 640 495 658 71 709 943 902 417 687 117 992 316 704 677 757 950 777 608 899 222 430 565 283 24 16 899 757 303 130 295 812 403 725 656 244 134 425 50 740 714 587 891 662 865 78 557 583 227 600 152 0 53 9 853 813 794 
214 302 817 935 454 636 435 268 243 744 930 311 562 891 470 989 829 710 874 693 685 139 922 317 819 106 509 498 625 668 568 831 189 890 166 176 604 433 107 831 367 608 796 33 771 626 224 580 369 839 60 753 982 341 976 267 514 280 417 264 157 171 237 196 568 578 17 904 181 277 233 333 553 337 810 418 932 7 982 874 620 120 805 993 76 291 299 384 352 199 82 843 99 3 51 985 352 767 908 251 168 323 906 82 567 380 499 326 875 894 522 604 922 195 576 304 306 702 189 525 471 745 67 854 170 30 108 494 778 460 145 884 384 532 918 455 229 649 532 982 895 955 220 357 669 882 917 777 232 112 448 522 944 902 824 74 799 916 740 55 404 193 772 914 293 861 358 681 977 570 954 988 551 857 701 455 156 420 488 213 813 308 
521 762 891 365 99 184 245 542 901 443 635 468 972 858 220 879 813 599 9 577 376 629 258 102 247 615 856 378 64 814 255 517 881 329 839 396 402 159 514 440 500 333 30 872 155 863 493 704 239 300 232 8 734 21 376 162 114 142 161 830 301 170 947 848 661 510 66 202 49 948 191 641 420 407 964 411 683 524 675 406 232 900 685 569 980 610 295 391 428 286 939 493 374 612 85 765 567 582 694 954 992 1 628 809 245 230 624 684 232 340 680 565 261 360 110 671 746 80 496 534 476 581 871 358 873 36 494 232 351 133 743 946 59 791 962 939 721 698 982 293 956 243 636 6 388 734 229 674 169 210 833 673 799 634 877 332 563 938 630 334 560 494 64 135 768 859 715 193 295 480 563 573 230 486 689 997 237 599 339 397 373 159 818 
352 595 202 596 265 691 907 202 506 244 532 990 254 869 351 285 146 975 84 141 615 904 527 551 926 289 439 179 582 526 851 472 864 831 821 848 226 621 356 890 535 978 535 500 921 681 225 161 871 14 740 291 85 489 823 163 743 826 682 778 407 236 573 435 791 780 845 962 498 964 185 675 22 939 483 125 33 39 952 602 111 563 765 239 202 607 331 912 155 695 393 286 546 993 821 332 417 953 212 447 979 432 641 444 537 416 333 671 606 920 914 822 783 346 422 452 509 492 862 723 972 858 417 551 750 561 398 103 823 138 616 776 303 510 957 872 242 485 180 649 216 188 40 354 783 131 483 909 273 261 226 180 252 901 525 568 597 70 933 689 114 393 332 743 483 498 163 655 192 219 893 633 270 365 613 905 907 223 233 340 806 849 840 230 
379 674 542 277 548 998 34 968 404 575 128 564 645 497 665 81 66 600 339 890 943 392 290 760 438 553 377 893 220 467 919 543 835 576 673 350 705 804 387 819 399 178 949 604 260 196 153 382 954 700 990 679 198 964 363 208 906 268 519 604 578 483 717 856 88 387 596 827 433 138 800 262 945 263 246 123 439 259 791 521 748 870 471 292 99 917 350 36 110 228 118 545 844 644 622 728 726 708 445 690 973 741 37 729 866 397 860 86 156 660 171 878 685 940 469 558 914 376 776 219 486 276 951 475 306 529 311 203 397 120 3 93 797 750 226 907 731 68 153 516 233 493 845 47 315 892 24 433 290 851 95 608 818 27 463 160 110 518 257 174 463 683 627 508 249 38 907 590 219 676 100 439 524 956 972 14 638 438 368 916 258 962 950 596 94 
626 287 661 215 119 102 867 542 555 909 737 171 4 464 439 684 145 231 258 755 879 927 905 809 743 985 154 389 638 871 772 436 807 964 57 752 804 237 871 315 722 438 41 387 131 800 617 234 154 432 87 153 866 861 96 83 737 803 918 3 100 447 861 202 776 34 280 498 764 591 597 146 960 311 832 412 753 65 813 660 403 573 490 122 314 904 699 113 235 119 830 589 849 392 700 836 194 340 82 608 483 814 614 883 710 237 595 2 990 703 626 553 802 594 977 738 437 69 812 270 145 371 496 951 287 702 16 670 664 786 713 777 644 907 649 713 615 206 793 742 154 306 916 434 161 380 949 909 342 746 317 634 908 229 665 893 193 898 406 413 976 966 496 205 88 720 464 299 540 809 790 267 406 418 842 204 891 222 781 276 865 347 792 319 446 367 
167 375 612 4 325 267 347 54 208 348 274 429 696 298 535 495 614 163 478 950 905 614 512 422 360 942 573 679 947 239 322 111 656 483 775 431 53 940 567 686 884 677 120 289 665 799 61 728 581 53 396 958 523 561 649 509 598 82 985 644 813 506 933 490 955 262 402 706 33 781 290 265 983 895 607 592 358 253 772 664 154 355 780 745 193 963 85 973 335 384 285 96 387 306 110 642 260 186 232 285 345 296 97 95 60 295 541 629 325 585 427 109 235 672 55 980 889 818 217 266 926 563 468 834 743 206 917 55 100 700 579 185 379 838 385 577 613 199 7 300 819 865 492 832 633 83 506 604 344 775 465 799 462 964 777 497 271 371 180 742 995 860 739 37 701 349 466 981 976 745 236 359 735 609 947 191 191 610 794 850 784 509 255 629 685 523 252 
656 940 308 392 989 919 855 37 237 21 106 844 255 242 446 385 785 858 279 206 835 319 329 882 597 96 477 236 654 832 711 808 898 19 206 250 561 719 348 909 356 962 477 277 292 604 610 673 419 914 704 960 638 979 956 461 719 94 634 733 32 814 515 302 179 909 688 391 736 428 367 788 156 662 957 104 471 480 920 366 633 608 729 233 383 158 235 129 98 832 129 667 846 416 310 68 906 495 754 879 653 859 205 420 184 126 127 341 838 797 107 704 263 52 251 202 744 333 624 485 527 563 771 781 251 187 179 256 179 28 880 250 499 781 829 394 389 402 45 414 372 13 307 958 190 200 903 988 822 166 882 635 747 783 77 41 880 123 841 365 353 462 425 202 67 496 558 598 352 33 224 35 386 717 530 186 119 358 589 300 770 537 408 882 145 199 978 440 
62 568 187 382 463 106 230 181 633 467 293 42 632 432 433 759 228 658 785 811 465 770 146 833 60 378 155 860 782 353 260 164 848 141 404 445 767 586 942 978 664 62 396 211 963 458 319 76 254 577 856 91 368 133 833 131 650 166 6 752 41 260 928 433 230 169 828 90 88 422 653 630 487 800 843 201 756 345 811 370 766 668 481 76 27 540 980 775 291 751 605 797 972 731 390 162 101 472 924 369 985 274 990 998 804 175 95 204 722 85 176 7 675 576 107 278 902 882 464 482 190 10 148 535 22 706 342 395 902 384 487 884 94 360 688 928 395 179 290 977 596 110 579 308 558 823 963 376 599 413 423 355 6 432 820 670 989 977 308 683 501 178 203 941 625 505 129 400 223 499 228 17 953 726 938 891 711 861 917 464 537 88 480 753 871 594 822 214 235 
652 157 873 856 216 399 419 186 543 254 979 649 216 715 535 41 9 447 173 883 941 921 602 105 546 620 489 576 901 970 633 722 372 27 287 546 680 627 894 761 315 184 555 255 688 576 368 19 971 647 596 260 884 664 358 558 997 420 660 458 771 327 147 143 374 923 429 806 275 964 814 137 223 635 271 68 481 821 941 842 567 562 812 840 750 17 986 651 427 641 714 579 602 436 159 866 251 716 716 194 257 146 122 934 66 520 214 416 16 820 437 458 534 987 253 189 420 810 117 825 866 800 943 159 883 4 398 512 849 782 135 849 535 732 336 886 48 18 711 527 52 754 202 757 777 811 595 902 794 121 684 633 632 471 509 55 666 831 94 66 713 665 326 232 273 389 82 560 666 202 572 782 599 186 336 699 966 613 854 293 990 4 112 853 247 103 996 180 735 463 
939 964 139 930 713 34 489 381 158 311 206 483 820 506 193 372 70 66 33 410 731 725 47 73 535 617 762 810 831 809 345 491 651 588 544 839 946 852 144 771 227 439 686 7 291 367 807 491 23 604 928 277 63 102 185 489 122 69 433 662 771 255 801 253 462 565 916 32 693 923 517 10 384 485 271 310 149 479 28 624 280 941 457 178 352 166 717 223 74 812 836 194 613 199 445 988 341 46 220 77 479 456 843 139 172 399 58 15 930 792 771 770 839 219 506 752 601 195 78 775 288 375 964 865 584 291 129 78 134 52 565 958 565 714 211 910 241 242 651 92 637 857 925 999 161 718 654 209 667 520 632 58 720 762 429 266 581 289 767 49 782 23 409 635 831 554 738 636 996 179 395 587 949 548 1 263 880 937 901 113 924 792 917 524 465 984 481 256 382 38 480 
470 859 460 795 223 439 521 719 884 494 605 887 126 707 49 19 377 595 359 211 665 604 460 652 137 829 5 988 737 313 912 47 668 36 26 799 933 30 549 296 426 383 568 396 801 927 502 934 981 995 896 840 490 514 249 989 999 612 581 292 252 169 682 819 331 566 505 839 681 764 303 95 785 964 912 473 941 14 464 414 806 181 278 486 218 526 986 785 233 545 942 671 210 782 901 905 247 623 915 343 143 707 631 853 139 917 127 333 553 965 950 224 404 5 565 103 508 340 390 559 787 436 621 956 292 878 947 132 905 658 959 840 281 213 705 335 587 503 146 69 83 463 334 825 800 989 427 102 786 309 322 723 855 903 783 897 373 244 649 254 900 956 947 387 279 894 754 464 314 609 543 395 964 104 377 912 526 604 955 865 332 874 101 411 940 79 573 130 499 102 360 10 
219 561 630 974 518 749 255 314 412 740 763 389 737 218 652 215 179 5 552 825 751 926 512 340 761 66 700 370 422 38 796 299 764 131 5 126 927 691 404 181 151 965 705 184 8 301 746 113 692 92 450 712 55 401 20 276 707 208 437 964 347 664 17 910 770 31 905 612 723 665 462 412 453 96 8 114 53 314 356 770 668 833 464 314 48 865 79 826 810 306 182 354 682 624 618 752 45 790 515 83 576 238 538 411 263 161 168 22 15 954 513 771 341 492 405 200 570 732 36 494 124 917 729 604 704 595 672 524 388 182 49 757 799 987 363 91 654 597 105 367 982 127 394 115 110 105 424 725 13 706 95 736 412 972 44 938 307 147 475 36 354 691 664 691 201 546 79 856 599 659 801 803 502 974 886 857 451 890 433 668 440 779 957 866 964 105 122 76 447 533 816 103 12 
85 715 126 891 49 589 175 458 628 853 598 357 741 52 800 164 218 908 409 506 596 848 656 210 563 518 745 112 234 515 3 19 828 343 844 825 11 411 150 927 530 434 634 966 373 885 606 13 816 606 897 525 182 167 384 442 604 410 884 672 425 842 993 54 659 385 437 312 33 281 304 506 413 531 763 969 201 403 32 733 342 459 688 348 977 861 625 619 466 994 957 944 204 761 447 178 968 339 888 403 764 534 892 758 669 361 152 416 770 216 491 685 905 556 3 306 745 243 924 488 398 523 264 355 416 75 367 327 958 946 861 299 539 620 864 373 882 941 378 858 998 764 996 636 793 854 788 860 476 12 196 208 857 476 643 402 376 282 268 568 182 143 671 263 654 903 839 635 431 902 362 439 568 156 340 202 742 479 930 154 2 30 379 707 569 98 919 549 899 590 192 61 160 751 
581 143 9 814 115 547 549 525 355 682 493 343 572 876 667 999 692 922 593 668 845 581 804 495 356 581 250 652 774 964 503 993 192 762 938 133 147 791 311 660 749 66 548 721 145 332 363 249 929 645 546 70 395 707 237 546 869 594 447 986 41 336 760 916 60 639 799 510 103 422 823 128 335 803 526 144 231 858 217 915 316 853 519 681 916 193 544 647 80 907 703 863 120 513 454 252 752 738 622 815 678 33 797 338 103 481 502 281 837 827 484 410 920 80 628 761 329 462 452 825 422 839 526 526 82 426 477 610 835 839 208 191 274 624 835 35 179 698 968 183 809 710 890 325 126 848 469 727 925 985 326 154 700 405 750 181 704 308 872 450 403 127 571 863 963 168 572 800 723 16 315 494 833 458 929 858 495 354 853 300 835 158 899 566 29 454 601 749 999 805 676 921 933 193 38 
660 51 907 88 113 735 560 424 828 265 13 586 457 481 491 737 14 947 577 536 847 394 794 925 388 715 861 689 233 138 899 26 114 805 606 682 260 477 954 614 302 936 337 219 608 838 908 689 365 263 220 319 720 893 54 250 138 146 785 832 13 552 777 585 368 140 131 192 701 906 626 32 213 951 580 156 178 919 171 954 503 19 618 482 998 692 302 231 494 942 974 649 127 590 562 614 901 240 509 791 745 294 48 809 609 518 114 955 522 333 620 254 602 323 372 659 143 953 185 701 367 426 572 284 436 72 494 23 275 243 754 576 625 274 83 638 110 375 310 249 547 218 77 606 763 802 387 487 11 636 595 122 674 978 1 327 725 691 505 883 820 908 686 849 652 276 69 302 836 416 976 817 360 324 642 771 846 508 858 147 109 469 40 968 179 248 544 294 332 437 206 974 942 153 835 388 
595 29 810 679 318 971 882 144 727 228 571 953 758 218 414 150 470 887 270 545 996 850 198 341 100 973 951 98 934 398 611 809 155 840 955 184 89 653 763 362 611 196 106 360 190 441 67 50 328 976 997 874 676 237 988 832 969 471 558 436 196 465 415 233 656 359 656 313 482 636 758 603 285 403 847 502 119 218 643 438 172 741 813 326 134 43 579 826 862 250 425 576 913 743 130 565 678 981 60 294 613 524 987 864 158 381 411 999 788 998 726 894 278 947 843 330 764 351 388 438 318 550 253 335 43 613 104 679 590 992 805 435 332 126 65 125 991 563 89 105 87 316 607 127 570 749 986 515 508 387 687 452 447 143 331 247 709 396 908 320 134 615 687 8 251 12 502 702 707 745 198 69 213 344 713 600 403 46 140 505 80 945 166 484 570 242 775 965 613 119 256 436 887 895 891 90 845 
796 21 391 804 361 916 0 299 62 228 996 28 5 799 295 24 331 309 97 504 740 474 340 15 157 654 14 601 839 259 525 391 687 570 878 379 630 377 441 156 271 693 234 213 558 124 982 254 774 39 990 970 358 616 842 286 320 992 638 446 860 654 623 431 522 992 747 256 106 599 159 464 427 881 422 678 903 615 775 927 835 383 392 253 679 283 354 85 792 977 862 204 67 35 822 746 931 634 728 765 84 689 229 223 885 873 823 870 530 674 557 636 662 43 22 60 54 123 419 390 275 387 597 389 989 469 44 847 514 991 16 259 390 443 862 441 93 304 817 42 302 591 761 11 739 107 80 528 834 329 206 625 794 461 364 843 420 813 794 432 650 897 9 444 491 681 943 566 316 791 768 684 662 746 445 690 53 384 841 202 527 618 593 104 6 488 105 424 187 345 406 33 509 71 711 770 754 979 
430 153 997 178 580 441 965 982 623 94 638 322 915 759 21 673 604 884 951 750 427 644 214 151 797 109 496 23 769 182 550 457 271 103 209 16 659 278 388 385 609 736 210 581 676 748 358 596 62 669 442 211 65 924 759 231 812 971 214 335 388 26 401 182 106 248 982 711 982 166 192 405 858 176 164 724 243 229 362 556 145 27 256 632 825 940 928 780 450 958 845 215 575 772 896 459 311 618 953 390 151 83 323 900 767 532 265 738 277 985 699 381 605 233 984 507 294 941 150 911 390 729 983 568 443 334 691 567 904 608 848 428 725 877 174 766 626 918 968 352 693 46 452 580 21 597 594 668 548 959 40 125 328 929 721 712 3 73 677 102 647 627 248 624 36 938 8 667 156 961 23 224 923 906 989 652 916 858 199 111 737 260 374 394 36 178 802 691 219 4 305 287 631 801 994 225 112 742 202 
75 485 384 310 958 381 201 429 944 691 234 781 287 473 561 144 142 278 926 657 75 577 784 687 790 788 58 152 164 362 618 245 956 603 292 716 996 571 219 603 804 207 460 172 595 258 12 171 39 777 981 119 662 159 615 573 355 16 981 332 498 942 528 660 997 960 785 284 816 928 680 714 81 538 669 210 751 742 60 645 39 112 896 365 179 34 608 496 490 655 27 613 9 328 23 322 31 424 380 796 960 284 642 457 781 596 916 371 228 469 278 476 936 32 322 619 524 178 646 223 595 962 542 695 704 622 254 659 342 245 184 204 329 339 64 40 516 474 34 969 67 317 286 210 237 802 784 730 403 518 664 555 691 299 218 374 733 842 140 329 432 839 896 34 233 23 876 932 204 207 997 899 212 122 557 861 661 409 198 748 620 66 503 261 756 847 415 704 148 820 28 371 369 881 91 319 649 174 461 677 
