4122
37487
47388
18639
25356
44855
65016
69596
88650
76038
55324
97309
29066
92350
32971
90473
42108
6456
11930
47260
35110
12412
24482
14004
39430
40429
63735
41572
11034
53512
35620
89089
67891
28201
31298
29721
37623
86565
55916
38193
13846
71661
74639
64732
44641
83638
61920
25123
1593
18671
64915
61571
2828
77913
17005
54045
88496
38660
62351
86801
72135
4899
77421
99764
16346
79455
424
79472
6224
24890
4599
69243
18983
5371
76284
3279
13204
26677
83708
94378
86159
16541
47443
29951
72627
12509
48457
56021
83660
49508
34698
53905
8727
64306
12152
39254
29670
59058
31313
38144
19918
91117
4999
19912
27389
81306
18451
91406
64527
57832
17659
82358
53898
78032
86847
76556
2795
95142
51054
68502
5281
62268
64748
50246
95115
90754
72419
58082
97988
5132
52081
33801
56523
61845
77611
80178
26454
23917
60892
15379
67445
8780
59659
55993
76966
51423
62022
83358
40683
50068
83571
72874
97780
86547
38035
90996
44663
38575
67390
89585
25487
26113
42401
52319
82923
58986
69494
72830
67632
77968
64924
69278
29856
6512
82157
65028
41582
55306
3422
90140
22706
46855
31350
83334
69640
52263
41656
99142
9803
57417
82793
49915
30415
749
33511
37388
55062
49763
54268
53474
66437
8533
93425
54995
98722
73329
34164
42018
48026
78584
93068
94495
74338
382
6290
46890
93409
9649
64272
5481
82024
92238
80922
38033
45085
78098
8212
90507
17947
46714
32116
10522
2447
1002
10836
82235
60064
26846
41254
2333
10642
80473
64540
51833
10118
70844
46857
43364
5695
29250
96104
48626
91883
83309
632
35714
15872
77534
867
70993
5648
7688
29784
65205
19301
61074
83160
68514
38968
79990
5563
44152
57834
90503
2984
75372
33649
63745
18077
85390
7169
1922
28937
74998
8995
66212
57340
7546
3213
88743
97401
95970
41298
35846
579
71562
24704
14764
77964
39163
99582
41002
5790
48471
32073
8514
45104
36147
37592
29903
11540
18416
62566
38835
56119
38834
42039
71845
43026
928
81607
71720
35301
40379
37092
79661
24373
16447
90419
8395
64376
27324
45117
13433
97196
79095
89888
4660
79172
63002
3675
65448
45398
20701
681
71471
72558
2183
38758
26415
26232
46073
39616
56777
3619
36970
94286
32922
7598
19524
52274
8608
13086
73950
17846
96148
11604
82642
1872
19408
45017
42595
2685
11824
64365
3315
14374
51624
74727
34904
85955
51445
52064
56006
79864
44536
42966
76307
3200
34727
83251
33273
10160
2353
96348
27810
99103
83325
57401
88545
52681
63537
34035
19396
94475
55786
39718
10145
60566
51400
60662
14672
9497
63766
42189
26564
19039
5933
45518
6767
43218
69488
10889
42982
28029
96892
87979
45482
9288
64453
19536
9046
41034
18138
89181
95688
27956
29401
69296
17886
60241
63220
29958
26972
74314
75526
94837
36397
87891
82213
55013
34539
82783
66928
76633
66757
33897
19801
63355
91360
7859
24334
59520
39201
79712
34614
4975
31566
41107
10051
77502
36047
98445
99816
83775
65103
84397
94182
84800
46967
31230
84939
66751
23625
79403
2085
93166
55511
19840
18969
99419
37646
93342
43083
15427
56880
95557
34682
27498
44938
60964
20427
15298
6952
24288
94232
24837
30175
82800
22506
63434
2550
7932
95982
27595
95838
79648
95307
99733
92974
42000
62596
74674
64360
3319
96127
1892
22764
29475
10371
54395
11523
3630
28536
60213
5732
50940
99824
57427
31111
51640
58581
58656
30233
90934
67527
35971
30804
19150
12256
62143
95685
20578
39196
69186
59329
14441
54207
10115
80346
36435
24022
34871
64855
74267
47694
16336
40337
55635
90262
87392
84649
12096
95803
74946
39915
67235
22072
41865
65964
22604
63907
72766
12997
39840
57593
64583
18196
42417
83374
7857
55932
85468
8289
69696
96280
67102
36533
14318
51524
79671
59529
22143
15335
24410
22881
93346
24310
37897
52427
46829
96567
3767
6545
50536
27077
48113
46927
44055
44416
42020
44993
39442
58641
59666
66138
11201
54954
65424
98996
11374
12866
28405
21918
70651
55531
87886
23836
71461
58941
18045
21715
3974
75679
65460
41771
40948
52902
57788
56648
92357
49256
7086
95742
25755
80404
56186
70848
63281
47847
41583
84337
91281
30747
71259
12037
43451
45410
40891
78001
43459
2147
36866
63370
17977
14175
99564
16495
16060
38263
45317
56520
95805
51796
70512
87609
64246
95965
86245
66010
81392
39744
56993
87125
64378
44363
41717
84804
52640
32958
60853
60022
20070
95077
37609
81140
45076
80745
87024
22942
74492
63762
51216
36617
42276
78927
4259
67898
28925
62880
75124
65528
72553
53238
62130
47240
67567
25724
37326
15453
11879
73973
64266
39857
88587
61694
77586
49086
93070
1890
97848
98648
41428
42816
80062
7328
21212
65354
19350
79224
70367
21517
62168
53619
95345
68737
96532
49875
64312
79652
19694
99526
36388
32066
6682
82779
12863
8772
28172
11579
21322
61924
91105
26462
68614
21651
495
99353
23616
53595
65871
59512
15708
95058
781
84811
59913
24462
88802
25535
44641
43781
14492
52882
42954
78661
82719
49369
33318
25900
74804
83305
40757
2974
14928
34547
34358
79310
45218
63707
42054
93978
32968
42003
68646
89497
58431
83945
27964
16446
56602
50038
25142
88558
11455
11690
49922
92993
26055
95525
66930
85476
16981
49261
13864
24978
6511
96376
43529
27645
10995
71714
70655
44646
48854
55250
9443
93639
16650
46176
12765
98533
6658
44514
48967
17242
64379
32432
77202
62111
9433
72454
7242
42714
68265
64758
54693
85688
92113
30736
27562
11320
58655
15013
5109
71554
80800
23117
94922
79103
71031
36970
79149
82382
34760
75407
85831
65904
91123
91901
46268
80875
44657
26678
24360
35637
56281
55418
28856
668
87052
1726
44451
7816
13088
5555
42670
48468
35143
64781
58470
321
31229
92105
43510
37462
25757
54472
32010
3430
73608
87205
80153
51959
82592
30
64950
85085
22716
17176
53529
43294
95711
18757
78756
27421
63247
75602
82153
56968
57280
94733
10035
94536
20963
17672
73804
91056
53564
38776
10345
31515
57819
35764
3454
85849
13170
29656
52243
94706
23320
16279
97449
44755
11535
36554
41596
13239
62145
77730
23938
86447
31671
22773
36129
81804
78014
90076
89551
28260
81157
30700
70236
84670
53800
75309
42332
843
65381
48015
86032
50963
27903
89288
80918
94053
17031
55153
70654
41186
26862
84828
69964
34108
81840
54018
99825
64993
54224
56034
61831
91981
60574
77937
87649
30215
35662
63885
24508
23051
7279
82877
42670
23130
20342
43076
75796
38002
83769
19904
30177
19989
38537
90096
23736
4970
70371
88894
40760
29786
15500
32572
13290
82940
32916
73492
65109
68286
41576
79849
79268
86398
45981
57326
75076
63296
98572
54826
5511
81229
72382
21468
10973
91189
42373
7048
90320
11861
98914
23141
75132
44675
41810
7034
18133
59668
28348
55683
31707
31829
73776
21869
37457
32619
27667
89759
12729
6360
74594
72038
45049
86171
32563
95819
30411
29139
47635
69508
76343
75423
8178
47811
95703
60967
27184
37073
2129
38512
66094
8141
43094
86603
98557
8929
31487
11262
37577
93883
61673
70035
74469
12520
20962
73081
3071
24244
32426
41005
27651
31616
89997
24112
77936
49269
71795
12780
79716
50654
42611
93629
54444
59808
81485
31180
46280
80323
95329
79688
17
78720
4511
54845
38322
64396
11361
20023
11726
33342
87512
66764
19810
67822
41035
94194
27025
9193
49297
17046
21562
46058
68471
56990
90748
84939
55656
96944
11364
95656
64517
3071
78353
48603
412
44128
20340
86100
45922
62872
75409
95024
92728
79207
25566
72889
40773
29749
13340
4572
50655
73508
88940
91875
60168
18376
61421
3103
947
48092
52295
34850
76149
54396
75014
3178
85106
4033
88773
6380
5884
95319
65
26515
71694
83938
10434
61892
2090
82669
33844
7708
74882
64723
32130
27009
49719
25383
41938
79180
79259
81634
91619
98136
68885
14462
31492
37403
70885
83524
25932
24297
24045
68864
80703
90352
74594
19371
3991
70221
39426
12658
24560
86216
97551
56058
15476
60676
20706
83420
96838
23363
79058
27391
15944
6057
82947
71879
28341
41551
46603
14374
28191
9222
84769
92822
1391
94382
78173
56735
99877
53575
68784
87234
60571
3023
70799
95696
17384
72405
8274
55705
79722
91157
15369
47997
75942
99472
60119
23072
85178
1203
77679
11172
5989
841
23982
34318
35261
91769
85739
71
55795
87968
7732
81727
56028
16369
23323
14629
30322
12038
99128
63273
33253
83380
29783
38900
86346
39550
43749
72275
60681
97256
6093
71318
83825
9151
29170
18293
44510
80986
27163
86230
93510
69726
75396
79278
64139
79807
60386
26665
60820
99728
31539
84967
89159
46163
90450
28358
25954
7772
78746
31537
52593
5919
50386
75023
259
14463
39385
27497
80394
5820
58878
84879
98850
15486
92469
70841
77178
42200
63811
28421
29472
25942
95336
57446
68226
70948
92086
77443
37624
5933
11583
20719
97718
98713
5665
85313
7918
67398
45239
2494
83232
55369
63879
98497
21705
62199
81203
55185
26481
47727
91985
99329
70934
51458
31916
75181
80306
94490
55968
80040
28277
56140
90293
67494
71923
42470
43595
48025
73488
88893
88908
41661
82408
64047
51725
62372
76027
67130
65415
38888
82444
35877
79855
1632
33924
7368
34233
90453
24313
98858
29934
62845
68897
812
64475
7348
90136
99338
12409
91809
77718
70194
64129
1187
96366
11575
58536
44609
39832
7852
70482
36343
54530
41452
38934
80387
81223
95075
46807
13357
88224
11432
88386
85367
94531
2682
85288
83580
6350
26774
36896
28127
15421
72861
16202
95073
32613
22992
46996
46123
55198
82255
23346
69755
91260
94567
57295
63462
89674
86296
65720
11803
49075
4904
32289
39929
4288
44793
5454
47300
13618
77550
18414
51254
95471
28768
41990
95133
87719
68647
6350
641
28263
8539
52510
69139
80221
20649
99574
61539
50182
23060
38615
11509
72969
97281
89170
51665
61339
30504
79258
57432
44058
99749
34879
38278
40805
40099
89920
30993
47317
64200
52405
74706
29232
25217
88040
72327
48060
40438
6970
68111
67717
17708
64700
96009
15070
51880
13118
78521
92917
83482
62547
80711
68848
36766
40772
49099
88423
79352
59977
90094
86101
70627
27534
67668
92369
91116
61565
24960
60487
69987
97244
59483
61308
52893
94743
6648
19602
77331
84785
11256
90320
47710
12730
91686
98230
27312
67134
26429
89386
89336
3713
17685
67829
94213
668
11695
16002
85372
6275
80492
22275
20659
64720
94776
64049
81582
31076
42583
19856
27577
11385
73444
8905
87482
88781
72717
81509
5406
21570
95792
8819
83175
24241
16832
45321
86558
67303
71764
62521
7438
56924
191
77261
99133
80285
15920
23096
27055
27592
60785
38181
1874
26696
21466
68096
87406
51232
13979
7051
382
88249
65527
25909
44304
76236
48410
60458
44574
49498
45665
58379
77075
49828
53136
8342
7398
91386
47658
99667
82901
89749
76036
85991
44790
91055
44522
51374
52401
62183
13456
2286
36886
27901
26783
33906
26469
65935
31108
44186
10484
95873
64002
94090
34360
22865
16220
37478
42756
22035
97547
69043
13025
74565
60932
63763
46204
91367
64619
6288
7699
85291
76948
33704
34876
77817
53522
40122
53732
51138
41429
16512
71826
81611
90190
24233
39681
15476
74147
25692
97822
72807
55956
20567
51644
90623
45881
61035
41310
41093
36580
44445
98843
85780
18064
6860
9624
51852
2520
65931
20464
41210
13685
86505
61448
8458
20457
67447
73739
68664
19434
73070
60523
20836
96065
57645
3286
98065
19102
56409
10613
80263
48039
41517
91692
30434
58229
66372
71713
40425
13364
46769
91351
97074
40004
52299
57512
4722
83844
6436
37546
24996
52410
18760
14099
19822
73868
97744
42792
8599
26628
17547
79931
75464
19442
37238
72415
87601
26678
95918
27040
10515
8454
32138
1390
31220
70324
1088
83492
25274
42203
87963
52429
28600
81219
40972
37102
26
28172
72397
15317
85493
72305
1175
20395
19849
4049
35404
47492
27189
60459
18239
76811
5664
93002
85598
55891
7696
12397
9129
8174
51546
90201
22858
60026
25166
21814
56979
3397
68272
80595
27196
36325
43579
17790
53083
48446
33132
87932
3875
43720
20672
4434
95140
17549
45978
55032
84775
30477
42116
31786
41742
45659
91534
55315
86010
22287
61948
97962
23116
82162
7946
35568
21797
91598
49252
82553
8122
25842
61590
89975
74571
8205
41083
11276
27489
41087
28124
65384
21354
71083
1655
51869
53309
55357
79797
97836
16371
21475
87763
41243
34782
37885
78997
80335
29918
37225
20467
43877
90204
59648
78062
61874
43477
8366
63021
41470
55213
34572
25333
77706
1087
93957
5051
53834
87276
41992
77454
10866
16958
60166
52988
91049
26437
30370
17936
84952
39339
99610
26744
36858
12307
2247
81951
88140
70638
31935
62644
63315
57304
80460
87395
28460
43784
85658
22604
76683
76149
55602
72190
20322
54847
61249
9565
94585
71604
14730
37836
2288
51905
75470
89164
54403
76468
51330
99220
86093
80164
86957
17675
52921
51818
56524
40667
36922
83320
3059
76178
17229
41499
91535
78249
84932
61178
67924
10996
6868
82868
41394
28334
68024
83521
31834
80372
47232
73789
49903
82396
5869
60227
1788
7398
94213
95870
35847
88067
5180
67633
73346
39196
30099
93957
90453
36440
96235
31155
43705
12348
90728
11878
56100
55629
653
64155
6042
24573
23879
84434
86285
10569
30413
63059
25099
12661
78925
85640
86826
9073
18132
58721
94015
36648
27733
33219
38330
14133
78585
24042
72416
70249
16806
49343
99902
62482
1481
37838
5749
97538
50687
77627
94104
89391
75485
4958
25870
15873
6607
56369
73167
59728
43492
32647
32876
45083
80381
48041
66453
5262
89148
63167
58196
42891
63556
25037
9164
68217
54628
62664
8921
26597
51815
11659
52305
51076
89658
66282
93397
1007
84619
82362
53893
72638
31784
79535
28054
92614
16107
16245
51420
30322
17901
35920
25496
90026
17248
7796
15563
68719
27025
10787
63837
90644
9234
33880
85142
54400
54314
91453
37286
53597
28134
76985
83337
56970
16345
3573
87981
58917
20788
4711
15144
36371
87635
93755
19079
72970
71958
5516
46089
36438
68414
68426
89088
20136
62725
80703
62184
84704
83652
88954
87457
60740
60139
92667
11145
98454
13327
23009
91407
75229
38114
69385
24849
97030
53953
52185
4021
54602
29581
65159
23043
20385
11353
35863
73578
97093
9885
77605
98310
53889
24679
31333
94141
11096
11431
20901
82276
59382
21690
70157
87390
24350
69584
55275
93071
12482
5271
90789
65709
99363
99820
72747
64042
46133
71210
27440
76523
55095
6120
39124
53715
419
57219
55197
27884
94888
20621
92240
37000
78610
23210
91389
95304
40644
74514
96449
77659
9472
62816
53206
9845
73256
193
53366
82012
15819
46165
71562
27453
79287
64651
68862
33902
89321
93905
61218
79542
3899
34133
76302
10901
71554
82475
47144
4834
10035
70030
16041
81775
41308
80630
47140
62442
43847
56029
71165
85193
8142
17214
10699
26207
6375
56511
59481
89690
12185
80184
14131
60284
31477
6203
81764
34875
30195
46884
11921
75977
70012
31070
26245
53893
87862
45564
44355
69825
80265
470
29352
77137
78362
48161
1382
42941
24628
10545
92709
17209
87162
94316
42731
1593
72532
98879
56370
35130
23076
46649
74282
39043
9625
90387
28318
87799
55567
77285
80680
98633
53200
74470
70202
56709
58304
85626
14202
18120
73878
13411
39333
57903
58967
47371
39877
55262
23536
82022
86923
33188
95301
94796
36851
94655
69486
38544
12580
22594
77417
28271
56003
35816
34906
26798
75049
18086
56354
59039
33816
62523
45519
9578
59204
98526
98877
83235
62491
93399
82523
33304
99290
45881
68537
87162
16315
13747
41770
23918
58414
42687
12971
83812
34279
88637
99198
14032
64293
50758
57460
80645
58943
57242
82507
1330
1237
71147
4731
78604
31557
8424
49091
38213
58400
85357
41015
2396
43425
37569
70217
52697
34265
77805
48350
62012
43522
84673
21456
565
97392
39527
23133
45499
2363
53681
79362
48762
3407
53145
931
42988
32121
13068
24399
90046
68244
59073
87528
1962
62991
77678
50125
88884
97639
2982
96236
13785
75809
71811
78620
58601
72871
64508
91448
31470
90919
73555
82164
69782
92753
67214
38440
18708
13292
40375
11169
89914
71878
69801
59429
30134
33889
15949
28358
54291
95107
38569
95876
22860
87281
18252
49194
68157
28314
1128
77041
99240
65518
8893
88559
40109
85376
81359
94787
80898
88241
43703
13687
46741
51417
15623
84638
14000
29055
4566
3341
28546
62301
50226
13078
5777
98141
12509
13243
17063
40369
20127
71110
92301
81127
22038
47752
93276
86439
8897
74061
37505
34202
96721
37799
77262
28042
89936
67633
63459
35489
66026
25062
49087
23915
48929
40211
11890
92653
63408
52395
961
24748
87557
41417
36961
6776
45642
60513
20629
90169
8460
6912
29290
92472
93410
90916
6025
61993
81449
89457
71223
54253
93140
95071
11167
93708
90963
96209
23364
19145
87
49843
23306
36222
64783
32284
42337
25561
82671
79173
71326
79854
83991
50557
29822
68410
48066
82008
65392
52574
74182
7715
12819
471
49030
66480
67848
74498
77928
26569
55176
90008
71997
90339
95364
68628
8482
64600
361
34635
6406
7626
52336
27845
84743
88770
45487
31436
95296
21611
95536
38153
47470
56575
46583
3331
67132
43966
30008
58169
56735
3347
55118
81694
48900
60199
36215
54863
70643
35812
85777
45218
60437
1329
28443
95556
5286
31893
15482
15035
90017
21822
44443
96159
75957
46766
13664
6082
51193
83766
66335
25664
19609
25164
3792
34718
20873
47301
72752
66888
98570
19931
56140
82590
58667
67301
22241
33463
85500
16826
11815
16754
7464
96301
67911
43084
29602
65582
38027
66036
75272
93680
3330
46992
4086
17204
14615
53658
98304
41087
39678
15725
34877
67531
51820
86095
85314
64123
14138
81105
10577
7035
39308
98200
43180
60270
29550
34481
73677
76876
26444
54568
83743
33071
25309
81222
93015
31213
33813
7153
11894
32559
79511
51461
17491
5749
95997
9137
94906
1939
42354
67082
11024
92545
35597
85045
13021
30513
785
64967
68765
21067
68504
57114
91291
12864
74397
76487
14558
45497
40428
27908
12655
14285
42581
63242
79652
38283
94666
19187
12283
42456
2923
9057
62657
89946
71127
67024
53158
25378
60851
68221
70761
15135
36607
73174
82912
95548
50533
69981
42189
64929
46313
12685
71914
80392
87030
79280
49911
45395
36631
97773
32601
98943
49689
13759
86607
42391
49157
97933
20073
64774
96796
16986
30875
52621
85965
16310
13918
95171
11469
87961
94695
20940
96132
22315
81308
26570
78812
66848
52135
83907
93513
40490
21326
36232
94311
76973
49318
19593
5761
95630
90559
70174
3481
23066
95628
3632
54603
14147
9931
77348
72768
45748
36174
71527
67365
81685
52788
50075
91694
32281
5499
87208
19741
56993
14235
70716
6257
83553
62544
17830
9821
42038
61724
64612
83580
37326
6852
14834
63358
8371
66885
59254
7808
47724
76039
1248
70302
79750
18617
49721
7256
20976
24495
65244
52561
71001
17421
70353
12812
7411
83353
59940
63034
83139
50987
72685
47578
49697
1694
9457
15881
54732
51029
9626
47776
87333
69013
21223
48045
69524
31372
25886
14890
17395
18923
4527
12027
20294
7288
54660
99070
11524
14126
95325
99911
28980
96080
20553
13774
89169
12613
87294
98633
23043
98922
48764
81675
47083
15133
69135
76510
68085
63940
80513
11801
45060
93900
68132
1009
56716
30551
94720
7938
47929
2555
99951
87772
53670
55048
35939
8279
23798
67379
24700
80890
97177
17437
48532
56319
98544
59748
9231
64426
56573
9522
17103
3006
66557
49851
95694
5188
46171
4239
13177
40138
57729
41647
76343
26752
95381
6247
48126
65016
60700
89076
74593
14739
75072
83759
32354
76333
2349
93520
32318
53332
80190
81631
40724
1333
83533
82517
3412
93056
68630
15694
84237
54202
71086
69718
53592
49798
56347
48347
87962
25720
46054
96099
66451
35079
68727
45386
75219
4158
8191
52423
55766
17582
48202
14092
58003
27426
36700
82951
84047
15922
18122
22570
33669
66475
7227
70400
87348
22669
2863
330
87857
39940
65102
2158
6319
59624
4204
20127
3677
60044
54828
17744
23509
64342
33937
61045
77132
9739
5830
37516
6923
7902
2740
52833
38805
51115
74441
72634
59827
43937
65289
1491
81783
65038
42147
16274
76801
88898
21627
96106
95840
22055
70080
16081
6043
33589
74784
96940
7864
84539
9758
27890
17927
85929
44641
4761
28539
40092
70078
50677
79805
44985
38045
11435
5275
66186
40558
42779
37063
6239
75185
31757
81384
26068
70830
19347
425
98114
72197
16539
61514
95906
6383
31063
39506
49746
80042
46946
83327
23188
80551
24096
82622
90012
79617
10083
95429
16369
62762
81320
22837
77796
33125
55827
41546
65772
63022
44765
30276
63519
91690
34919
50962
95732
92664
19336
70673
81909
59225
18292
35189
48000
81338
57772
30179
76025
12550
97667
90905
96388
50252
26855
46415
52532
77761
67378
9128
92668
41663
54872
45780
68221
62840
87467
90648
43720
4626
60326
87000
47787
46532
28015
67706
19934
36977
61898
10940
32848
23454
94730
31926
94851
83581
69656
96651
62222
5466
35781
68491
16070
90824
57517
23681
83448
79289
29885
96575
7390
17353
16959
40625
95561
20370
55644
16022
2211
1068
91978
39933
23114
62999
42131
60276
8183
82367
95306
38964
21453
26678
721
55561
3105
83637
5862
67288
13239
98739
38186
86310
62069
44993
47474
60246
56224
73206
51021
66844
15863
16275
48832
58748
42269
45919
1038
19303
40620
5289
84700
15333
27625
65897
72197
57826
78711
82296
98381
6472
94449
42954
8694
78981
90900
40757
5425
51123
43583
11572
34298
58440
39737
14325
78588
35535
18574
51011
52933
53916
4210
50088
14048
44300
60950
61683
30517
14336
25641
38058
78861
97666
96742
97763
58050
95278
84838
96917
39675
95082
54256
56060
95943
80642
10489
16006
72690
65009
13100
21135
99611
10586
18813
53569
54870
20972
84454
66663
26306
15704
84458
91245
36400
23865
22597
13056
23202
57456
42650
44810
94402
50508
67675
41327
96733
74845
22589
31169
67894
68447
19731
63210
63178
37350
12103
91598
74000
17014
43974
47522
80497
4106
53538
71237
5410
94627
7304
2785
61415
89330
70915
54832
9096
52349
46083
16091
67762
34004
28322
58727
46267
93689
65164
48221
86055
83804
19566
79104
33583
80657
68160
85010
84338
73278
89071
96480
65616
46074
18965
44965
50263
16278
84025
36446
18559
12118
34537
43132
10431
2639
37780
86657
35190
15135
8909
11215
30973
1107
84500
70080
91079
36694
68473
73940
99390
68521
5058
74482
42054
40887
58498
81674
87636
65242
4186
38172
52906
17887
60904
99294
96458
76831
18874
91997
7355
33752
43287
51300
80976
41982
58016
57579
99259
86480
39190
23185
57524
86699
73312
1811
5073
68313
59629
19053
91734
64725
61413
47598
37564
34293
35867
75482
67871
4225
97321
40849
80768
77065
93432
31648
39422
60714
99038
73718
6205
7931
57397
55683
60927
76235
23462
64101
70334
44160
88900
27303
1070
44792
93538
91370
93272
2535
52918
76665
37012
84027
56657
88375
18747
99163
17291
79492
29979
13150
74301
89677
55314
55529
82994
8434
82095
37119
42944
36045
98813
10798
45662
40690
74469
37073
46201
35200
36084
40374
88364
21874
86535
67006
38224
78802
29922
80700
5623
86129
96630
56699
58353
15696
85294
60315
58694
32499
63838
20901
77011
81402
96795
37161
62083
57542
91071
74758
72858
83860
77363
42134
1324
44201
69405
55493
41182
45419
68236
28888
82001
6918
3670
50333
33556
1081
30166
29895
10022
93003
19280
30692
28727
52992
15880
18744
3139
40249
50325
92601
34775
81186
23787
78700
33729
90803
8902
3383
22501
10576
32944
77505
2809
61281
35704
54588
90082
34197
19265
48435
45314
69132
31855
21170
58969
92696
52979
77605
66622
15263
71995
26917
1032
10075
77346
97522
10322
22898
98617
16132
96962
85688
68615
86890
57242
32700
97653
31560
25918
42475
77235
76667
55722
54137
55311
98570
86424
31459
50316
62365
83134
73100
96156
15585
48521
92489
35342
22611
38659
15766
2454
50759
37162
71230
65128
43946
67311
68723
14749
44909
46862
92405
24035
51882
15207
55330
13707
20694
87596
89289
95428
48207
16091
68336
83197
98046
61947
89450
90389
54541
9110
58751
54628
15845
73508
56740
57677
62136
87838
80959
32536
59857
66524
89542
74937
87935
80544
94084
1417
96905
96796
75255
21165
36877
61720
19613
13819
15303
33827
1043
30416
70447
94855
55259
59670
71536
94220
20821
26766
81487
6456
45078
16870
43189
6329
78503
40523
75245
91320
5837
83125
88127
6153
87491
5687
56682
49063
9633
89033
9922
64491
66416
38661
24030
51889
22758
92419
29537
45332
31135
98214
68589
43612
815
53922
63252
95512
42967
26690
80790
69937
40089
93830
6848
65606
13190
72469
62494
39973
85161
30168
26031
62080
63781
93677
45548
19016
92778
98031
53117
30688
44408
43152
16593
52566
51966
50173
89956
71120
5675
34647
48113
21605
60401
38840
17120
82904
28610
90297
35745
29115
57025
78859
9323
42549
10409
69329
41828
17856
10913
91971
57108
11945
6430
78021
45215
19390
66390
32417
94773
78016
28432
60913
97320
34350
44398
93779
34554
23613
99071
73271
84430
43966
115
97059
7049
29665
62637
34794
96254
52840
36819
60017
7903
8575
52051
64578
729
62967
76008
47763
50738
68873
12105
97324
25078
79009
83767
4582
26325
11109
78955
80802
43109
44818
53383
67029
68026
55008
15862
54562
68776
11212
44213
58263
23461
97860
5184
9889
55977
34995
76805
63628
32447
4175
96622
31024
4616
9232
84257
87496
11173
26582
11707
17615
72902
24774
19844
91347
42632
57970
4544
88434
95904
63028
20877
13110
73299
14894
78807
66337
10360
19982
28826
67745
16060
52223
60976
44472
85728
61482
65681
29081
59396
9031
29834
33745
61491
9749
66577
92900
82808
85755
2207
91526
90713
61156
68655
21276
78498
52587
74957
31613
89843
35251
56180
68159
79300
89125
23220
15440
94768
55033
61913
86210
92859
55272
54907
24543
23123
58471
24721
14889
42058
93381
21437
14265
42839
41277
3450
49789
11704
61658
84735
48722
46951
30936
47040
93226
1452
