10222
45718
55948
4967
57084
66298
48013
22329
85248
94650
31235
64804
24669
3041
10000
44532
62089
30436
80373
23058
86364
1749
45128
80248
1785
38219
84352
61038
30564
13573
55043
67199
40415
35693
18160
86309
58169
58443
16544
75122
55369
53373
52156
39519
16765
95966
36074
78227
27661
46124
9678
82493
41052
27581
60464
8909
10476
35930
80922
67562
99528
29949
43923
92709
3978
85917
93047
88154
47414
19606
71284
64524
36366
5632
36554
10626
85835
48862
37489
66069
51175
87559
47893
87353
27253
32948
83340
24588
836
74899
48336
51062
67140
8413
87484
12814
46473
60589
39093
90421
61915
22775
14661
90181
63967
17576
52679
6870
13118
55418
20190
25282
56252
60344
60531
52711
57844
69742
10716
99587
71877
37683
36875
50442
65419
96560
61202
92395
29803
56716
78844
93343
40332
48746
88167
47050
50466
38168
82844
27314
31414
67135
79184
18403
93076
2894
77172
13957
47267
97669
78617
1520
99172
89651
10883
74917
77947
99799
29615
41643
42431
4121
98909
17463
22887
86132
72358
25404
84717
99182
23421
41328
25085
93326
98541
53281
38390
86437
91454
26791
11526
84245
62126
93315
34859
78984
48765
4017
39868
81350
46325
16066
99384
65437
49959
3640
51366
31355
86848
10825
32139
15206
84849
88599
30057
1119
51394
83078
95505
15014
61080
67227
68186
4799
75392
33212
7635
36675
42989
87583
37888
62245
53994
16480
42253
36113
46728
13041
69114
88651
90318
84210
34710
83640
91628
79123
33817
15453
99937
6267
94290
25478
7816
31589
36376
42474
71626
74762
22762
76530
87
45769
10276
21330
84350
89016
39187
44406
68013
27149
21042
70069
80509
21767
10973
84697
82318
93212
75416
19078
95428
66635
91178
87494
17490
36517
36786
88225
43100
66831
62063
95168
40651
69041
46864
95262
58181
25116
84903
51389
56672
47759
53623
95469
94225
95017
56035
81400
9544
81487
45467
52559
78186
53282
69165
3540
39991
18961
91670
40818
21150
53596
83926
72021
99337
18177
89046
78511
85337
61537
676
50947
19628
96977
14890
92525
7334
70794
41560
19588
39995
64883
86145
14272
77593
619
37809
8908
89271
36183
24844
6833
76174
74546
23298
69332
24863
24270
29779
23361
64732
80346
34347
69774
27863
17223
54440
96723
34763
11243
15781
27910
54418
34648
91188
60407
12096
88370
33232
71699
43348
65761
61686
663
17632
64483
91690
32157
80011
88723
13582
39906
84343
8923
60316
67383
16424
71229
23434
51361
30506
73823
3489
17830
47626
52343
5895
4964
89200
41572
18115
92829
44296
5581
29137
44511
94048
53524
77178
88364
41624
83252
36535
96054
21208
19962
79549
36092
84421
42039
74594
7549
87615
11305
6040
83621
28494
49839
27130
19758
5476
30573
81704
6027
98258
73845
55701
68395
93006
67094
44396
48635
606
49886
46283
17525
41428
31467
19572
1038
95024
33011
62204
24211
38209
71773
1350
2371
19958
29322
3319
34415
46555
71036
39808
77833
75436
9066
71444
10145
41155
25934
34543
6464
61927
967
42034
87853
166
6757
34475
20167
75467
67812
42111
68084
53465
98623
43900
33980
59019
63289
34448
36375
87134
23935
34797
7600
10094
70069
7994
15402
4204
46095
65381
38157
44617
19148
74555
48382
41649
54461
4909
84239
17047
90427
71726
13714
43627
30562
64732
21161
96737
94550
72069
70887
90969
95556
35605
27493
560
35993
98541
37622
86928
38943
31234
2832
81770
57396
46178
98269
99166
28523
38089
16824
75122
65148
10020
43464
57997
1612
71452
89438
98238
36229
19293
41018
10880
37498
37726
2491
9225
6289
77840
38070
33161
11154
2987
42421
20541
38989
10797
94486
95067
28199
67791
74307
69115
76583
17528
47506
84943
41108
48226
47149
42709
71759
30797
7642
88749
46674
63219
30384
62541
719
82206
85828
25802
64719
28090
81666
22149
57518
73870
51815
40765
98055
54355
45885
82508
29652
56347
23827
51893
73693
55785
85443
23399
54889
12818
89450
55521
65306
60705
41775
51023
59359
49518
57786
86811
96940
30553
28125
61874
76888
92414
42852
36738
27973
84684
53568
62849
49586
90136
78224
25340
19328
31421
78284
47620
9678
23156
62941
31204
80932
5367
80
29250
42597
19216
38650
77210
431
10951
72166
29060
31315
75012
98003
72523
53145
72240
52177
21746
81929
84119
24309
10838
93282
88990
82445
36746
30500
71174
62432
24867
26401
98950
1526
15860
31135
32304
20936
97085
63120
46419
86970
27111
25327
81807
5489
26722
54076
57051
29346
34870
92539
5079
83504
53003
6140
18907
37515
26216
82038
17798
80047
34643
79875
69762
75155
93557
25985
31349
4975
85585
68246
90657
28531
73498
33767
24506
11342
66998
56585
5707
5522
41956
67585
21365
85047
35515
63798
88155
65893
65527
99292
75515
65726
47726
64827
72674
82818
9106
48473
60477
98908
20920
94362
73925
35654
99750
1787
66379
19409
50078
31802
11359
33965
46799
13549
2884
65984
81116
67464
40275
72792
18243
87570
8375
27220
40374
50044
89120
19183
73334
40237
65381
18689
20362
15333
3047
29960
51460
44854
22256
91347
21749
96170
93722
746
17260
57226
21110
71177
51608
13658
95371
46237
61987
22495
31992
30093
77906
49626
27094
11726
61132
63227
93313
88087
40247
335
61410
15878
88285
48747
58531
46625
16863
11443
99072
24749
85258
45722
49078
53299
47860
94216
50113
57064
88447
50003
13541
97723
14706
22984
21155
20739
11452
99708
93090
38680
75973
13859
8963
80652
83943
69556
93162
62528
59334
84691
249
57671
46778
46456
61384
72836
9801
96281
77729
58924
3372
86341
71759
11296
94217
74841
32423
39323
27309
52255
15090
9861
62001
15706
82215
94339
26214
33687
95667
74148
62137
68293
96655
84022
61867
47162
34188
98087
16421
2314
28012
88280
26575
18069
76946
9816
48947
55236
48582
93396
75781
43755
11254
48834
71853
60992
94242
9807
16941
37856
87128
74396
27312
59942
14253
21124
54633
55882
45213
5162
85776
90085
27316
64406
91929
2060
50966
90097
466
59516
83877
41685
88009
17410
35085
10617
18114
143
34679
62737
72031
49090
40188
13990
45959
2644
5572
19110
13248
975
73742
77984
74982
32677
78561
89389
47372
65498
67244
6763
59406
28344
79116
75730
59194
36733
41650
58038
52434
78900
69726
71624
21452
4731
79055
1464
98241
84716
49700
60927
89945
31109
624
8290
80218
98486
61225
48130
54903
5881
50767
72256
25462
47693
1671
19884
48602
85549
87576
61740
65522
38315
42143
37772
9234
12434
79498
3163
53385
39789
52288
62335
1021
15267
8267
95628
36726
51222
31351
8341
90584
91020
78087
56825
87392
48850
45473
31313
79561
67997
31055
178
87151
14752
71254
45302
93471
50164
68847
43244
69680
46806
45553
71905
26835
42742
80645
47358
18810
49905
21543
20546
44540
59037
77315
88535
23015
8415
31018
99996
39460
8527
31840
59619
86157
39888
52945
61143
46318
66201
25997
3678
94477
30021
88269
71022
11808
23143
3291
78654
39837
48868
40970
18084
20959
18366
28127
53263
99213
48299
5366
48721
79753
51902
51246
34142
70437
40714
59666
35040
53994
79135
81405
24247
64188
59004
65778
73882
64424
86387
63303
12501
52236
97757
75362
17104
38088
47756
61760
94697
71932
35726
42135
33094
15954
63199
52153
25639
86953
39532
40426
99548
16780
77871
17090
2546
4291
48634
89979
27495
57230
82708
49340
79699
47498
41532
87010
16568
28241
96266
61016
14339
86178
83232
41510
41528
27641
27805
99002
43815
21726
53956
20801
70037
49018
21624
66632
93984
29323
59104
99339
11683
26834
82649
51625
18858
56179
20462
14771
98252
37791
83270
60256
71503
76022
48667
30236
95253
58455
51421
57795
6187
99843
96914
2926
44688
79115
39924
15177
11781
42886
95920
58883
39080
73907
77068
61942
76401
47894
70132
74060
26743
27176
98451
45407
83315
64595
35193
61621
48308
16097
60060
96098
38085
85451
76645
65500
4493
49539
32611
99431
26968
37644
9899
60202
55132
63184
77134
73639
6564
31323
21438
56859
49440
70896
1808
53956
24715
64094
91283
15536
87546
72333
48
83041
72651
81761
96702
63785
13260
16820
69841
7662
68392
95322
97172
21446
38098
23462
14329
81625
71396
54208
587
31710
96557
57512
23651
74953
28453
75774
10724
98414
32634
62991
38024
89313
50839
31046
55949
29603
17608
51552
92078
79703
22710
86709
99181
87331
99052
47598
40448
82373
40757
3352
29101
43717
81117
89649
64603
49010
85094
89956
32616
43250
36050
87961
60937
87169
21416
14641
48564
71341
46966
38391
10102
6947
34393
71657
2683
29133
81876
92514
27596
73916
92320
4622
23814
14549
98959
83994
95597
68304
43014
86022
41369
9602
83082
11195
76051
50424
40962
52944
64036
73949
13579
76054
5004
32350
5723
99078
39744
44691
63268
79195
68194
55852
11572
22948
96871
42435
28732
71296
57883
76573
8402
32417
66709
83592
91836
60709
10941
54457
73869
5416
87168
98936
12503
77323
28188
50433
96795
6948
87746
58408
52737
92686
74974
29342
91811
62322
55732
2168
31899
96368
63019
69115
45259
86648
83671
77902
13226
28580
13497
76208
92342
70580
98074
84378
21606
69041
1370
7276
25517
22307
69381
21247
92605
82097
80980
97106
34147
65797
3166
45102
52735
18083
92879
92795
75401
95285
12605
31778
30980
70948
51917
94182
76398
86021
72182
44909
1571
92114
16579
524
67609
61256
52654
10736
58006
60598
39569
63430
47504
15490
37257
99155
18326
9380
99648
46037
78452
93961
19172
11027
61639
8016
14717
88443
13866
28386
80231
71730
95890
1509
36157
79383
56604
28957
50884
30964
56886
5424
24411
34161
48619
32581
51402
68808
38574
57257
5823
78830
91852
7370
14346
8021
54556
24049
10721
40621
388
13387
88274
32600
30869
66258
92756
44621
83847
19638
22700
12583
30006
57871
29487
16708
62038
77311
34309
35102
6190
62776
4213
92723
10853
49269
54415
41693
91896
67375
69067
33906
39420
95797
57675
71845
15628
69454
89344
48572
98497
16586
72046
12807
50936
23299
69091
20044
20123
48984
69999
55643
96699
41063
57943
40829
88518
22479
40977
57538
88638
50384
39207
53051
42227
69450
45112
10349
42097
8252
99199
95128
7522
92153
48177
15413
26062
71127
77832
54703
63048
85967
37805
64598
68439
21303
447
27824
35724
18881
20944
27615
92571
49528
90903
84374
27891
67245
2574
45562
85020
93872
65913
39747
75706
7752
45661
30740
94579
34841
10628
32783
38798
65689
12373
72698
62559
46747
35472
9946
21160
19421
86540
50543
84300
5323
14231
15751
23302
61142
77364
51496
1953
51593
3389
89446
25644
13860
4378
95690
28498
11986
42710
67943
3171
4642
63663
67233
3022
74706
37078
94994
71328
94106
75302
51507
77239
22346
19580
36624
63165
62165
12096
78722
33265
20759
95844
2809
37744
50015
9521
73728
32640
64172
69625
75405
19779
58380
56944
12060
96603
76555
49638
42332
70540
2006
70078
82251
17617
69238
37649
37997
89998
20398
44697
54379
2137
54776
97806
89978
50226
44817
91596
54880
44639
17070
7228
71955
60045
21520
52801
47597
32890
37732
87838
62885
60924
91252
99031
21084
84473
78701
19453
12435
54130
24990
8408
82165
14562
21112
34117
12661
59122
15931
26420
55737
34941
60414
91688
75938
3204
27741
7129
90822
84281
57735
36674
19140
42419
99041
35634
72876
89662
47500
36316
54066
13703
4150
31781
42340
59348
1298
99931
84126
18279
70083
35124
19448
6807
48000
79489
7266
36305
49785
71137
35279
5990
50126
51457
25148
72776
51628
98674
69061
77849
36462
79878
58582
34672
25153
38680
91730
8112
90926
60713
69205
39352
3061
84150
15730
96309
97687
47424
87409
54208
99455
91346
51072
36042
42531
57808
46522
67560
64334
52251
67634
26511
70479
62088
23237
90804
94333
48282
63719
15285
99654
52244
84293
91814
99716
85255
40859
72329
91396
92600
39403
59588
27620
9590
84869
95273
76636
51665
436
145
41542
5775
53153
45939
38502
15210
46845
63678
57089
75078
68256
18112
51198
80613
97344
2946
33963
95505
17673
36566
75112
32437
87845
62930
24207
63013
59900
87334
8190
99273
55630
1723
76696
13971
36739
79236
93547
91820
29785
42687
97880
28869
91854
36648
83340
22225
27880
57844
68776
17281
95576
23528
58881
4667
58894
82531
18208
84076
75957
98687
7006
37193
32403
61293
52303
76876
56074
2318
52691
64805
73999
25034
40230
14771
97585
73762
47923
23796
46980
99416
56195
98277
50531
537
16811
67333
80274
44504
77678
548
9396
98608
56958
72297
2617
25671
39934
39838
75406
23913
97075
27367
82990
15738
46725
33210
25086
15136
10853
2355
77290
28381
37320
31497
85066
67727
87074
98793
81267
82772
9734
35514
13134
39183
55983
81771
89699
99482
220
93520
85541
85561
71901
93018
61823
27628
19011
79926
90555
29262
52098
45243
93016
3272
42315
55259
28269
58046
71904
97717
92722
39069
60554
7369
16650
55312
16080
13112
68635
45165
82856
73895
3850
61616
86435
95585
17127
81346
97801
45973
86754
67447
65689
10115
19926
40435
90407
53194
35792
37253
37598
83086
47048
62946
15381
29822
25988
64708
63313
84130
65977
82972
26600
62251
74266
59242
14003
89205
57093
5346
62865
17713
83007
63810
59719
24935
35353
14028
89884
54244
89851
3918
14513
94195
78218
11761
98517
11894
23752
67895
37804
82948
59837
90967
59272
85185
67286
18418
91996
48330
91475
35895
33041
76825
25200
35282
56344
87984
68190
56020
38096
32666
99221
89427
97072
90651
21765
50690
73332
57919
69110
48212
93742
68001
79890
5027
97754
14611
79966
11934
21867
67721
31588
17074
66226
298
35781
81606
91782
67852
98893
56194
21458
8026
99242
57977
43759
52373
14788
52717
42252
67541
97792
71808
99375
68036
7375
18839
47990
67751
35928
45394
69131
62456
90310
774
59380
60435
13761
85339
16314
3444
59483
62145
15446
45205
51816
6576
77119
79593
95946
98641
46771
35721
22090
87645
37016
82113
75091
83907
4989
7143
85355
57213
63365
67922
82083
46700
48527
24849
34715
11849
94283
3975
33541
79282
84598
54397
45407
65046
83762
92855
5460
77072
67442
52728
30859
27498
3040
79606
67401
9543
52819
40635
4993
18619
98210
39820
22911
22368
8751
56470
50779
9317
4094
48975
56210
70824
82514
91106
95043
96023
14360
33017
85117
84435
23882
4147
89517
5955
7882
198
20230
62874
64613
21390
98148
33652
31368
54163
30358
3110
54201
13536
90651
8738
38217
88284
14197
57805
51860
56150
42311
94951
83645
61247
78262
24965
74770
70872
40043
20416
76043
53888
21067
68840
2567
47881
94693
39166
84604
7277
23553
72065
38088
49599
59593
23917
3182
42057
45771
19068
24361
95660
55365
90092
70414
59029
29806
10711
17848
29114
981
51093
46085
20985
8961
10191
17936
63895
51060
4826
43747
15800
23188
20190
52683
13525
39428
51472
19582
760
40764
91273
20805
1078
28919
42515
17527
28155
86220
61532
89920
50393
67435
61010
70633
52113
74526
27492
51042
58531
50245
33109
58685
16682
51516
46252
29323
49490
88542
70836
22074
25171
40569
68889
51043
9160
84249
46107
31905
90734
95540
5103
66852
1542
11073
96006
16372
68206
59937
19118
31267
66201
1806
59308
43373
67187
32352
56829
38406
96984
41885
44251
59374
46383
38144
4198
13989
1974
69196
27563
84531
89185
7362
76909
63575
44707
80124
84730
64053
60511
58930
41260
77054
66629
41863
51524
75824
44891
91076
66314
89392
90810
10968
16775
94264
65798
78007
7297
97620
6900
58160
46393
10452
86239
72847
20249
34080
37347
99381
38645
8488
90590
16808
7918
95912
84852
33099
10673
98117
47681
54627
96911
30804
61082
83863
16274
3587
55133
56240
46093
78973
96631
52106
94919
8776
64941
44716
86234
71420
32233
70199
52025
58552
90314
30432
90907
84411
91218
64761
70484
16391
93759
51510
78638
50227
33227
25208
53432
78250
56417
20487
46306
24151
89173
78560
98274
42676
28648
77254
33786
7713
77448
70496
1958
37180
61868
48228
19852
28183
1389
52657
97496
850
21637
11790
49325
74309
27986
76202
21741
23220
81991
69954
91469
88315
47843
91614
14406
39385
1029
26308
29642
14138
16389
54751
48344
81374
77751
70184
82193
1922
76340
39156
91063
85759
90142
67095
54613
68762
61410
54605
97507
57527
14509
55411
22927
15693
81271
71917
34074
90200
26066
49288
48350
936
87763
54008
33895
42194
80771
47850
23182
69386
22357
93192
83350
69444
78411
50618
47956
38357
44865
54741
39849
14266
6937
79189
39837
39573
43401
26685
80850
50479
68054
5166
72271
17412
25592
75870
84136
84766
84052
84338
45882
83395
91039
10261
39335
14297
85895
97110
90623
26930
85027
47496
90698
40592
82555
95182
99171
82306
33488
89694
11118
39643
11600
54477
91578
51932
59209
4506
7405
88276
71029
34325
11170
85830
79297
12420
56810
46769
32357
42889
51692
17380
83886
80320
74799
97724
34953
8846
15710
55306
96099
21284
14074
41178
61623
59317
4257
31926
13261
645
94851
45974
95449
4047
37734
7638
29357
48291
66376
57377
57874
25832
8056
31666
38745
77223
99706
60941
28035
77201
62050
59048
21116
8357
11729
2628
43355
83348
16107
23885
7705
1580
20437
65171
81372
51305
2077
68825
28754
93057
31449
697
22832
85380
44419
30811
42217
38779
55789
19588
96018
8828
68599
83072
43730
64376
58903
35603
2340
91790
40738
33363
57813
21166
40937
67244
23172
85462
38512
78461
10337
48462
48258
95370
7933
62537
53298
14902
82232
42125
16229
77070
43430
63872
23576
5978
44448
29370
43232
15775
4436
51428
99573
4978
74169
49821
95940
87627
85532
67444
39165
34678
52269
42816
45843
24098
14191
99868
35024
23086
42027
40958
37020
50855
45112
54038
73015
95431
49087
69926
85161
82876
35811
30610
21849
22408
62667
54524
7845
75822
3451
9737
53976
24672
78023
30988
86057
33647
62930
41503
97737
33573
156
65541
56967
72474
46220
42596
20761
8155
28778
79198
37951
40705
2948
99245
44614
8396
24518
78818
81864
95389
82238
76393
90696
24699
56386
94412
63565
34845
95789
33131
57393
63636
30484
22697
97689
87521
62218
44378
28471
89939
99963
76898
87672
57118
32642
28805
12728
24744
56241
42807
6023
23954
97516
83024
14889
79
1457
41084
5846
2580
74718
22007
37759
69611
2186
95812
63618
55651
78885
25777
15616
75636
24398
9305
53210
64039
71998
92326
78865
72320
49671
43160
51158
53203
95221
96805
49932
5195
72648
5561
73190
75807
81982
56947
70414
46896
79754
44835
41998
50582
52313
4749
59479
89158
9151
49258
86261
57450
88437
64404
3511
91054
91952
53106
70920
88886
91599
36474
77013
83492
74683
48964
58700
57539
20154
88328
94750
29951
22989
6278
2883
60095
8907
50815
95154
43481
6602
96158
71334
97398
69691
21198
54964
59937
65545
22438
1771
50816
73211
72332
35134
67476
57598
58977
88291
14856
12125
68092
57973
92300
87007
93213
99143
86034
45381
85056
15549
40644
14444
75970
25751
7993
23803
40432
9335
97022
48219
77511
62986
72865
96929
26241
21108
78718
16743
49845
20692
78896
1093
49742
15098
46527
22234
95277
66460
44304
28764
80114
71385
71748
75682
41220
99646
77404
79131
1390
50547
59427
13059
21242
56652
2973
89939
71626
89563
27850
92779
62375
47443
44863
50573
88343
28956
44280
74410
78670
23326
64873
96399
60198
71194
16956
78634
70998
75966
57867
84345
84918
70337
43332
28459
33111
67669
3137
49738
33476
52938
14566
71680
63939
92898
72021
44391
40526
70189
76271
84587
86151
71048
91773
55939
1077
81321
45495
56931
70957
70471
65678
8426
73427
68252
83977
58130
69161
63751
49420
44135
88341
81483
27625
84733
48470
14221
83699
86684
64479
17251
72271
89131
37046
93744
83096
85351
30081
25925
15654
89515
73309
31732
81195
40668
50888
51653
55666
61091
61997
95420
31947
11255
64332
3263
44846
8537
36463
1391
67286
1902
19958
56410
1117
19718
27239
58346
10998
32912
26104
86975
74782
642
36833
41134
48841
90679
2837
35714
71768
91676
20785
96016
54904
59531
41127
4154
33111
65004
74977
77198
74235
34810
68277
81744
70706
3338
29181
14598
61698
17214
19604
4254
59295
59880
46867
12872
77098
88378
16371
43420
84710
99532
31257
81687
36542
67711
49962
27845
48365
21358
37632
97245
20061
50483
72315
95147
27999
62294
91881
95055
35476
27162
92599
75358
94667
82109
15313
93957
38513
83997
80149
5570
85984
29616
55705
51397
9171
84855
73638
75838
35615
90135
24610
49948
84342
34309
96513
6323
59019
14200
40914
15086
46676
21971
78672
55693
95438
27522
80636
64211
69695
48080
84393
60775
6146
22200
32983
86920
19167
30336
46517
7446
28932
29185
62659
56536
10719
91989
6874
32788
88851
71983
78417
72873
23702
31171
62965
58481
65209
1624
7862
36266
71316
71485
20889
55458
14810
12868
78509
52844
26967
93839
54526
39797
51447
41669
5085
71047
6892
49536
70965
99872
81643
43883
83087
49408
9025
54602
82185
54754
96643
55233
88581
55572
8109
65380
82982
43855
20658
32514
84263
96568
7070
35362
35151
47828
15356
76061
31760
80336
44629
53275
57914
40718
40605
33453
10186
8499
59173
62418
24602
73357
71465
84480
40945
385
8871
61248
65584
88014
71429
7348
18788
48304
48037
85214
77443
64292
21915
26148
49116
4067
59756
69845
38411
96280
8012
39557
91537
96763
44742
95086
30047
948
60466
30807
9668
81780
66460
10883
65165
57796
53929
58891
27188
21079
52495
44018
22014
79753
61445
31029
90150
94720
52163
86197
84711
15326
65197
56372
35528
43632
50385
63385
89915
81997
23496
80970
66026
43638
37799
86392
79761
30874
94024
3976
31131
10729
37129
82709
61041
42586
13328
75116
14419
37584
85804
9593
70628
54434
32559
73388
27107
61350
74822
48406
47160
18787
9468
67036
7860
62659
43870
80195
8970
92735
56643
54750
28848
95904
32689
42535
38261
58981
46008
88132
8043
50763
88693
67610
71542
77996
69559
75408
27784
44972
30834
1552
96304
71413
56358
66387
59571
48350
69721
5023
53949
36676
45779
18670
95129
38066
83988
35055
48974
92940
16993
45115
83707
85172
52908
8135
64393
58219
74719
42546
75634
72368
45263
44540
83427
57783
91206
1714
72124
43033
64460
93921
17423
63808
4484
98507
81332
81491
49899
42143
40042
66276
72854
66413
80655
24538
34589
99370
27685
75117
85624
50229
85293
4219
59015
69398
6173
53616
30112
41024
23045
21843
41259
245
3675
83056
14877
92346
15372
53265
3360
15983
9892
58615
49221
17689
64696
85404
53938
29827
41484
16522
78924
69198
47959
84017
27059
38469
13748
92447
78239
97634
16423
92727
77351
97666
18552
11154
98136
93582
1730
63289
31370
79073
8511
7398
70790
9915
28200
17121
95222
8332
87418
78075
70327
65503
31394
38070
18426
84406
6923
65619
29814
30174
82911
96443
14032
80165
69465
72650
14503
90924
21448
4275
34991
24223
37449
7874
51319
99380
90101
1855
6767
64024
48678
63231
14608
511
79922
75496
16208
10175
38028
22291
68126
42588
79723
6564
56663
62037
65385
99907
63281
68392
32132
51749
29348
14556
49820
13109
93626
87682
95893
54584
963
46352
10017
83256
5601
30899
14429
88226
17561
89055
10958
69433
65525
84130
90636
29474
74664
77888
16848
33096
82839
5321
67948
64046
43628
83506
50298
33979
89596
21732
17636
23099
54264
25081
57751
57232
76205
8655
32363
51004
33705
64637
81168
71827
83426
49369
25989
4370
1518
82638
35949
20205
50604
76355
39628
82318
21080
34821
95120
39172
20171
93755
53950
88002
7184
90285
79760
12048
98380
81082
7736
21385
89918
50825
55679
52069
72303
78185
22684
3261
34773
51519
36350
17031
83069
51454
34463
30527
19016
42561
92089
55190
55360
41287
30017
62710
64301
52354
65483
82411
83149
90796
91121
39740
25546
31836
93071
90567
71696
55771
44185
30968
36038
80075
33271
87185
35788
95889
16308
15447
8811
51100
566
66347
54232
47178
97583
93450
94256
41987
5924
10837
80597
75723
9655
29248
93992
62198
3488
25540
10206
12632
80519
25126
30983
84163
43499
2090
3378
70244
25580
26666
75901
75121
31476
14769
64921
39589
34958
59263
29750
10198
93649
47656
79873
69103
67037
95903
62727
66752
48638
53022
5496
24586
48276
56182
9342
99954
85379
40983
19517
30413
79261
36584
19787
99622
47307
396
24619
91994
47010
72002
67549
28313
22787
51009
9186
99489
43527
28512
13280
40653
41789
26857
64293
12764
90607
27395
24913
83927
78822
90911
56948
27606
70892
414
54031
79914
62111
80979
59586
23180
65173
76332
68481
87969
89028
86852
35810
90744
95949
98693
41245
49366
47773
58703
82384
43608
77227
74837
95553
12879
45299
46736
27474
8343
70578
56179
6256
41618
41498
72082
85140
97246
47444
49732
57435
1118
89626
28952
66080
62047
57691
60877
56277
28671
82983
18032
44622
28874
4412
67392
3185
83916
7846
11130
81963
14459
24986
24718
18150
80671
2646
47081
5664
23603
78379
2491
23365
22
23397
58888
45395
27887
38699
52309
82095
84659
15377
32124
24919
25629
95003
6757
93792
14457
91060
94581
10343
83099
57348
9681
45462
63319
14291
37166
14604
56977
69100
77714
19285
37258
90718
66052
58214
98066
25486
93044
56480
93733
64473
86076
86252
36254
98400
27441
77420
42235
21100
15385
41606
46721
67454
97530
58005
26123
96734
31337
94465
97402
57290
51315
62274
85714
93532
47649
28060
77700
81126
85950
31274
2610
1353
22795
80659
8442
90568
96765
28178
25293
25688
99654
43807
33097
31661
57539
39652
75956
21837
76409
16818
90229
7194
32022
33470
38589
35341
8696
17520
67214
45254
16709
72384
28319
48661
43002
49242
35199
74034
14865
84239
41989
34110
81311
24062
65310
2885
41797
88342
90001
13026
77008
42296
26119
9620
61376
78078
9398
21212
62023
28240
62350
34069
53815
59778
58200
80604
5228
22164
54841
77888
14687
47835
90992
77211
2092
28551
61756
10607
85203
16072
15758
45289
95574
20593
41047
81939
13731
5361
31966
57772
28271
932
54159
40333
48574
87486
49909
22950
25820
18650
51000
57781
61991
85263
91284
87403
11546
42514
36144
60869
5469
48907
71035
45176
52357
90466
16298
68084
96251
88648
60431
53213
35895
15368
29006
33370
35104
63602
31410
53031
78935
46990
52618
95928
55347
26882
82160
98657
67033
90257
97495
36276
3121
26969
43955
90800
25421
79736
78472
38551
48915
65329
69244
17288
21163
90384
68568
59064
30337
10282
984
99742
96544
4535
33951
1105
26141
67113
23226
46507
33726
35145
50141
95995
61495
4446
92955
11836
50644
5284
99480
90398
44512
36857
53169
61313
28153
83878
49836
39866
34016
63743
27221
43538
68428
77698
14566
8651
38568
64440
94403
68052
84612
79609
93730
75757
46743
49587
46780
89522
21714
73056
96547
47245
88647
68746
27280
98167
8759
92809
45110
74786
28697
74268
49025
16438
42184
41955
59344
80470
89639
41410
95920
1950
488
65140
23219
87854
7825
44705
4491
56658
90132
78059
32210
59276
19735
90574
26966
42290
22684
53202
22007
39399
79749
6198
75612
2025
23218
61846
78478
5024
9175
84632
48325
88424
69966
72291
28880
21141
76518
86174
35461
97607
65213
4362
14317
3235
9003
95982
7927
9686
37445
40142
43453
85840
35354
37939
86511
35442
74752
90970
27474
97341
59811
44776
92472
69258
89469
20681
96296
41036
67408
84431
79375
48294
14083
25098
96030
82432
60493
42671
46178
17920
28373
67776
67688
42808
26504
61961
31564
3396
17817
71991
7148
99011
36993
36577
89532
87800
63233
68987
6363
89518
77895
63975
46230
96207
61680
2462
75823
26737
11056
52408
38043
86122
78610
89315
48264
15564
67007
84794
30924
44156
31260
36637
63631
78184
68980
38831
20987
88959
3305
14952
35290
85130
88192
63369
16337
80397
90757
87711
97483
92583
30360
11019
160
34982
79109
97032
34046
85933
53479
27030
75057
47554
51737
5694
88367
29576
16844
94397
88630
19208
29548
95379
54597
22976
61323
35236
40317
91475
41877
21164
50109
62965
20882
68396
69481
86753
28638
22262
69212
12299
65354
23326
24743
54983
73719
89015
18111
74463
74471
10197
14569
26581
69634
86137
31118
74725
43127
46265
39107
71619
13417
32205
68112
47442
17911
38489
3269
65252
33777
35403
93250
29613
64874
22400
11073
59399
49489
85512
34930
60685
68555
57214
41224
60675
59049
2153
26999
88607
62253
77204
3953
14564
61566
39278
31217
82134
89553
99316
79099
95856
8917
45917
40964
49385
97096
87032
35450
5323
89142
83163
66205
62643
58607
70495
31326
72650
41091
97419
99699
89413
30163
22866
96415
65612
325
49891
64460
29725
36721
92953
94859
5507
76264
2325
42468
59689
89888
94067
69591
88836
60586
59005
84629
81302
36948
49148
67920
15228
66872
64990
1989
78499
41132
92125
48367
21625
1508
60612
38191
79459
93144
25540
68751
22709
65835
92213
23189
25162
53931
34410
55525
57581
89540
79139
8207
44189
28713
56345
54363
42694
95314
36983
81951
33783
72248
7918
61993
31029
94742
57076
68070
47146
25362
67280
39286
77526
15458
42230
3867
87001
82720
13028
5592
10765
59538
98730
257
5393
91848
19320
14323
10895
93153
84576
82983
9743
83410
7245
9790
93811
67465
13975
15073
75155
32729
52439
65292
1588
70776
18084
554
62969
52559
48953
2448
99158
11925
62002
69409
45566
17113
29369
91784
77240
34939
18011
43792
37424
17332
41167
34570
61522
64930
95068
85486
32420
47410
79343
25906
28085
85244
24551
24615
47388
22569
75278
99057
25090
45858
2246
69606
71922
28080
41851
51039
703
3031
86592
98399
24429
99537
74809
49454
37274
90200
53175
30907
14436
34383
10384
20579
91771
20128
5464
82727
11146
34679
39159
18699
42456
18308
41811
105
18238
81132
76188
76695
41816
87603
78687
76139
54926
38364
87358
37877
75743
4151
30177
48249
43262
91439
72013
69074
28962
44509
43723
76881
1691
13634
1814
54966
56713
44057
92112
5471
44854
65467
15863
73672
62679
86641
21724
1657
89646
24961
72064
53587
83167
25472
57020
79735
67518
49180
54746
11466
77536
35279
61286
4377
43033
66990
38524
71760
24879
95701
53624
75587
38671
3093
8423
67202
26950
5943
82195
94911
65880
33293
36239
20645
17345
30666
53711
12903
62387
71022
13160
8145
76934
77141
19178
57832
35748
85116
38632
3299
55535
3648
15887
45644
13153
48833
65476
2829
99851
59120
65654
71173
97484
20132
1257
33422
87641
54045
29320
80601
29615
53193
65896
39810
68159
62614
17484
25172
56971
41192
5544
54110
8827
56117
57500
96148
8328
90321
62695
46411
48167
67595
16719
41025
74875
25068
2554
56604
54980
87737
81979
60991
97510
24735
95656
7475
93778
92026
95352
89636
60400
91212
56728
99036
96461
99141
46128
52917
90786
48004
39813
84115
40246
60605
19067
10365
65033
70499
89632
25188
31850
81680
98883
77547
20942
47498
49205
32465
97919
73520
30991
29778
76298
73983
23714
83231
81704
36566
38497
87082
53676
75140
625
22426
45996
75197
95441
80400
11501
61639
26051
44484
82301
43626
56289
99056
81345
16150
37371
56419
26273
23050
41676
19462
11487
11122
52097
22160
79390
30049
80395
15085
16715
57802
12992
88136
36891
56232
7645
47652
34384
86512
89437
90115
21946
39138
19518
39617
86714
58169
35044
41287
26092
64384
83741
27865
49354
7062
1532
1602
55913
99060
6674
98681
26179
14874
8835
28353
85964
56384
56546
3954
30348
15955
71475
8016
17960
91594
42950
58641
71608
33844
81177
69333
46194
29100
52585
19477
49848
49046
45737
77649
29227
20883
41247
44939
54907
98053
84137
10496
67814
36139
82073
36452
72625
3618
77917
14435
89080
82182
70032
60852
97146
36279
78785
43132
36956
56592
82668
54101
49480
7130
72493
76704
68854
30612
97090
6239
2302
91848
98945
22298
58599
63794
63217
27604
11006
85965
28573
95931
5608
49904
33271
96288
51013
91389
94945
85572
50320
94064
47512
86850
61324
34182
83643
95484
95874
21155
76241
80273
94327
13581
77368
71802
36042
15461
18034
55182
71846
82269
57318
9377
89406
91573
54235
60298
47453
57903
60798
39855
39788
96532
59704
68152
75016
65885
95092
1017
82931
43232
69803
10048
83509
13386
7577
87366
79428
75063
3639
92269
58064
94618
12089
81958
13899
61817
43559
93542
27275
27360
71547
69492
60427
26827
70892
43747
56754
20731
36811
30646
54232
5376
57937
83880
48938
74209
41806
17659
69603
34336
16211
7261
49138
7912
54887
11172
4075
73073
936
81995
57849
24115
86455
58311
68866
55591
71785
54688
49301
26
52828
92023
85546
73933
9871
35401
96266
11811
96351
31663
88977
92829
90993
63866
1112
89863
61772
64829
36485
95594
15124
56944
33108
5332
28852
10448
23294
61277
92157
37338
71978
87890
1237
63115
4205
73059
83893
43553
57706
74762
51572
18672
21523
57901
2288
21106
46590
90997
22869
81051
39241
57443
63943
94988
73549
60989
86127
50356
83466
30154
842
23376
20674
51253
54194
92201
89102
84726
27354
32591
92037
44448
51889
88293
52775
44727
63464
33313
94741
44651
42366
68273
92018
44498
14274
18038
26229
13877
9733
22796
10698
56300
5741
39790
67836
39859
97917
97872
70694
48715
76667
72084
84596
35065
5787
70447
69830
76292
26950
50135
31293
66974
38511
5244
26055
446
22064
93319
64769
19600
15184
92846
67867
41608
53811
8884
62477
86265
32688
69032
31000
62623
57310
76912
47287
93622
85812
15364
61349
83394
84236
16529
18539
56929
43617
41022
24151
26790
32318
33367
89351
66572
82059
45891
19415
95783
31077
48271
30168
5838
72849
64897
3601
81856
83819
7267
18573
99941
28572
93589
17552
4646
65878
72767
95335
96291
4059
94981
20669
82843
79108
96031
26722
76022
53998
87635
31345
36341
62624
70880
73048
96761
46805
14996
73643
19635
59797
68656
63481
66656
34740
95979
30225
86468
41492
54431
77098
49647
80273
56806
1535
85732
85565
84473
30190
1989
38704
44089
71223
88613
12600
84949
69814
40026
97026
19170
77830
46993
77907
11895
73601
39215
69049
33704
92716
83099
19758
92419
55808
64398
46759
86493
4236
10395
63884
47167
79625
31328
7940
61580
8178
85739
84215
94032
75728
99440
80043
47574
4433
92775
19874
33116
67084
95875
60296
38245
99933
56585
48416
12938
6
70755
92079
14354
17824
89585
15322
77900
81460
83704
97536
6745
12900
68676
19743
96993
22613
21622
66447
40673
93283
43639
56488
73760
88645
47710
1338
61397
48348
76788
14272
37509
54800
81744
18857
41011
82909
13865
30200
15770
68691
11594
7382
66535
57643
86189
518
88008
18856
36002
40895
9246
35773
44054
47600
20585
9560
38603
49099
75266
35998
21381
43191
82967
41854
93201
43780
37399
91669
31612
87899
45190
876
289
1429
48214
16223
94859
46939
56569
49405
54824
2106
34385
74861
96305
42123
5656
27670
45252
24561
72273
62478
75851
104
61456
59401
83778
97598
44765
87840
49014
56865
95884
64135
67893
7693
79357
64018
59077
18466
87477
75772
73145
62860
67493
5065
60484
78034
6356
67375
77165
12772
65149
28948
33494
89001
80436
82232
14936
25124
74670
66723
30073
94605
42887
71153
65320
18252
7853
77969
51048
13623
60846
36030
68833
50000
30287
72468
54502
82370
45376
79641
76664
62839
86939
38131
95423
52938
42677
61702
30949
85230
8985
75180
96604
47688
6550
61174
76300
89245
1901
36580
50790
69993
52105
44816
2570
4433
14796
74712
54077
71233
90722
41994
18883
87935
90999
94311
70560
74030
46263
25729
58907
50855
99897
11638
28232
51747
52534
6
17371
40876
50015
19916
46132
64227
31992
93329
17848
81125
83360
61005
92743
49786
55712
58523
11770
65293
51000
3335
75642
73457
84590
78792
8707
8998
69902
26083
62396
31476
91813
80020
37888
57410
61022
9606
32715
12033
66561
49329
40974
49109
68634
32115
61844
12257
98976
59881
96084
36209
60922
72613
35216
11460
46367
1934
73064
60721
11811
20067
94349
634
80673
20149
20016
87174
64058
88840
13995
68185
17176
57140
81067
91478
73584
40375
10538
41932
24457
3281
45396
6043
35060
11118
81643
87345
15614
52761
27501
21149
88746
46701
77153
62040
20714
65889
78733
42558
8575
42373
1239
26519
40513
37649
30058
5386
71488
89678
45797
11163
81411
72500
66090
44216
8022
29383
55098
39477
71664
65439
30357
19468
34143
10661
21686
7575
58848
89298
61829
16
64336
56520
13526
19931
88564
88304
62691
2053
5939
35480
32401
81365
64405
77879
97364
84211
34726
39506
3565
45285
89165
50699
22780
98928
51749
68186
96636
18186
87298
88997
49908
61
21417
19160
77748
20384
8629
83116
36521
6759
90839
84801
92947
3012
13320
56318
11226
23576
90405
55147
82843
21262
38074
95833
28734
16841
15623
27074
28505
63879
43601
90168
56385
47272
90206
19732
28610
38899
43325
72660
91918
58847
10406
96223
7842
15643
13349
71282
12499
23919
70603
91528
56543
22962
83663
64696
54994
44581
70139
46690
1606
3725
10606
44557
27487
10289
1402
49242
8629
25562
30577
84071
52062
11724
19167
79889
15307
47860
94996
12798
38817
10911
91177
65433
96089
45001
86514
97705
91146
67586
29981
37958
58067
85854
16475
30472
42257
21815
6021
255
68134
69522
3627
21049
22947
32857
41965
97506
11374
17327
34080
97456
60626
74287
88297
95210
80715
21058
2524
11841
9590
85355
80148
63366
97826
47464
34682
52785
12545
78614
75387
66899
65268
98988
91025
63854
93379
3778
73953
62343
49888
30768
51732
68406
81186
67842
18444
768
97471
23876
82902
646
65540
11451
75949
36964
78635
14809
84014
42927
83019
41515
1138
44865
65986
81233
16637
69310
34977
20079
80597
39231
42507
83973
14394
95364
36568
9435
58412
3580
41216
65258
74168
34224
97020
73496
43006
24366
16058
3211
28569
58895
31156
35407
95226
31406
44054
22593
99640
70803
2173
91416
97677
44565
58702
61793
33821
74606
95658
80989
5310
26680
14626
96071
18156
59245
24867
13180
77256
42746
83470
17052
77760
85246
67247
49243
89913
25339
81051
68466
54525
78283
32209
41508
31283
46301
25755
38141
67081
28972
60151
28487
76555
94666
28185
6245
52012
98936
52731
86250
44944
60842
12062
49777
86310
33102
34395
36039
37775
27042
66371
3313
91092
78260
45142
8135
57819
63958
28761
75994
16555
7864
64557
61974
9881
33696
191
24770
8194
53092
67075
62519
82632
98955
90834
83893
54257
40146
8514
12871
11700
38455
97217
50656
14457
33808
43841
43140
24002
68617
10627
27390
29936
87245
76197
55561
63331
71494
56757
19702
14474
98066
37174
25862
97192
28948
66601
90969
26948
70622
98334
60881
4890
63083
78607
73080
25047
84563
13986
12430
46860
82924
72075
33430
229
69644
95206
47419
15263
37343
31804
98156
93934
86777
15114
74216
65809
74245
43988
31638
95046
15339
45395
25270
30856
5991
23370
72235
18602
46724
24072
95972
13736
81083
71637
24277
65751
84148
54532
39781
64345
62091
67069
6313
64972
48704
35797
19580
35981
9834
85436
55596
94526
91669
24049
15303
23425
73807
52149
88829
86174
13053
25404
87798
82281
88865
25658
19159
10134
86410
19932
98943
29560
78149
12100
29413
41294
89890
16934
88016
25517
62266
11194
1598
6672
43543
41463
4310
36735
74723
93398
2636
14127
52872
52101
96001
80464
83601
8296
26362
62320
58645
89979
55266
50203
19487
24258
91762
31923
92940
59049
19649
22541
9654
99329
97466
58086
41457
37614
29678
45237
18492
83383
32492
84140
12069
21095
42735
6562
94184
51521
43239
96564
9629
96057
3169
85880
21640
68716
56725
41192
17021
45482
68665
85486
81673
85715
60081
20678
82470
85293
92862
43694
16429
66185
36295
73202
13092
32129
64221
29167
1072
45115
56203
32434
74701
2363
1137
16510
21706
18460
26732
68747
97864
42381
3314
43102
59560
64042
95388
11672
90202
90103
59376
47181
81414
93696
11004
53614
54952
67759
10737
87183
36284
36675
40730
34811
15764
5906
71717
42326
58345
54289
43274
9546
47760
98709
5909
94447
76116
85811
98394
93605
14837
90460
58799
91087
27887
25621
92644
92992
13223
93353
46628
89826
83400
31607
61359
13888
21281
36507
1517
83872
71778
64813
86906
53860
55564
46240
72823
8895
15704
60336
53170
74327
33119
57591
84769
31112
71852
29475
56298
54264
40041
57094
50300
16625
77566
93132
71691
25170
6281
56802
41208
82005
3790
46456
77245
87274
86695
99563
14494
26131
14249
54744
32848
6998
48357
95537
94990
43270
30874
80590
16116
95668
64105
89974
14221
17421
5487
42283
14388
69474
12351
62237
5525
97895
97729
3453
72970
90682
83133
56077
55422
56151
59238
93974
99622
90093
90422
41150
11227
23886
24081
62107
25307
70757
90676
5799
44920
12368
5433
57904
21178
92932
7643
81072
73264
13022
98504
47853
71822
40293
63419
95994
34167
79267
89723
60776
4750
67399
15747
64098
19307
89599
72166
64981
76146
28396
1578
1190
62993
91933
67235
76654
12849
86985
86873
74377
87283
29183
52586
99517
10605
7629
22658
82340
3356
46100
96316
95716
88552
28014
7326
66857
69121
77359
97381
87978
99966
12762
55197
55575
3094
16894
32287
93003
99252
88390
71318
36037
54505
68483
8012
86118
65187
59522
32519
60952
29674
77586
21191
97169
80410
6351
74720
84718
74622
44429
23542
37678
67167
63345
86482
31200
13941
18342
93546
59233
79301
79214
8815
92750
45913
73342
14378
43141
50496
58120
41230
60479
93871
64972
58088
21325
98768
82132
54047
85784
13824
68385
76027
28474
87207
14946
6944
73120
58317
97681
95530
85440
40971
86838
73768
4024
96553
6492
22844
13886
20524
60879
73586
92384
90760
69818
52306
82185
51135
80396
7991
70971
28804
47115
81778
82571
8612
97682
4656
9205
13062
26628
34322
39531
61301
83955
67140
62180
5535
50978
86131
49463
68326
20572
30940
50942
29214
23998
708
51563
34079
71492
25798
74007
25704
98821
69298
29984
18965
36978
44256
50134
69085
47211
57566
47227
6393
88569
16459
92355
36029
10156
58525
8795
26018
85282
91210
13241
32172
29695
51720
59085
33234
71079
23276
61431
74726
62014
68653
8544
44915
53575
66941
89402
31352
71772
64467
92060
31410
63999
75813
52493
15270
7696
95872
58618
64779
98405
8876
39180
36631
59408
5328
92191
23294
40134
42795
32598
10135
95521
11471
63892
52173
63525
90473
3315
18894
82965
5795
15376
80577
18875
25855
33355
34553
87579
55583
73481
94851
98649
14980
71472
93655
55947
13084
96131
68016
84942
53289
19673
30259
78480
30943
49485
45511
78193
9176
50992
64806
33755
83882
16332
87184
7140
73799
58512
49239
14101
96630
35744
65539
20035
17128
35641
68368
32434
78100
73970
20221
57103
50252
87634
97487
10341
61823
26587
68764
4256
93936
74363
16242
47422
52622
51899
73582
28050
53423
84349
78748
71868
79547
35581
65208
91897
99487
40026
39956
72303
55052
86584
21790
53528
55745
34270
38272
10869
40426
64280
4831
43704
92202
98173
34420
17557
17470
36858
51184
26171
25064
62
6564
65800
66431
70977
21288
38881
22787
75775
1670
29304
50177
52663
3668
16442
18385
90187
43130
20137
4631
39455
75673
93838
27984
29978
94623
8063
35447
43806
20466
91386
75625
27660
80233
21128
20942
47732
271
80945
24320
16852
60822
27495
21276
48707
85864
33380
13358
18798
66638
98536
93879
36816
42311
47274
1857
60145
86192
53158
15133
3150
70967
58886
18571
21966
11365
83397
8303
79455
7711
33360
17942
20031
38785
61250
77711
9031
77445
37193
42409
16332
27437
26765
49173
48882
4832
91940
90957
61857
12533
57369
16673
3111
81287
9176
93928
70613
75631
18463
95297
87570
88225
6710
94070
24899
70997
95254
80408
25761
76546
6041
33845
11829
8228
5837
13079
75981
2383
11074
48983
91107
91116
95538
51774
89720
19091
68076
68286
94049
12764
12498
50272
1313
25491
6891
19683
53857
6958
64503
41854
48837
70360
63399
42537
67143
55778
57078
29726
26255
13175
83229
6195
86701
53470
12820
83703
66824
41105
6714
34796
45532
26562
71981
43138
57733
42252
35111
38325
12117
10229
74308
26100
86008
35146
78054
49919
76939
80913
22127
44804
15660
54481
82269
69418
70258
45189
24680
27294
96079
93117
41535
13173
11135
84882
23708
45367
1689
312
87891
70100
87704
58435
292
48758
2840
36222
64104
63985
68695
58524
62934
5568
67962
82637
77373
22037
46209
25929
16897
48939
96957
9978
34292
49694
9742
19647
14786
29994
85856
538
57065
11677
51455
43263
88390
77005
22710
27971
80961
19295
2701
27564
61762
60832
14740
93039
33029
24002
1798
69407
45562
66596
46740
15602
92055
17198
93049
26840
12633
71615
70719
82858
29779
36283
57020
70462
54848
29577
26805
53838
33350
76969
72061
91047
21188
60975
95388
20150
9040
11824
7080
63406
37079
49784
80523
22965
67204
15086
45566
66508
4983
46391
24577
26264
88491
93713
40862
59845
86228
76775
54127
46331
71307
24689
2690
16051
64098
57938
57109
37491
60521
98576
14925
9767
88165
19583
91214
34105
57431
69324
84614
62759
99879
32043
23540
48811
10973
10322
22255
45286
39402
40462
1491
27019
90181
76701
53317
33717
33694
5225
54920
57648
37899
73895
61013
24397
65848
48639
29532
40123
5742
32439
60328
3765
25679
7856
51533
7615
70307
89026
3287
74722
41555
94063
23523
6534
30633
73815
15480
39246
93489
57902
51652
32269
86913
3979
63839
37263
7470
61157
4012
21184
454
83518
55655
41759
31051
54678
289
98856
34890
9306
68858
10152
90184
62565
32661
84571
78638
83399
13535
91905
27309
72596
17946
52065
48616
31590
24708
92398
20684
32906
80997
46512
75199
28215
86354
93039
84978
54918
69359
57775
68430
27204
86679
27639
53100
22520
99158
49888
65483
99387
4646
15021
39292
7500
32256
46808
59373
76052
27739
47893
83457
91219
84646
74398
8919
98744
996
37963
76754
92548
66102
58676
29948
75325
7277
17307
68425
2040
51077
80305
67766
42275
78791
95984
53888
22365
80851
85334
50861
33250
39863
75905
44068
14990
96929
52191
25868
53881
80966
20953
15986
53103
5693
14926
73778
62837
63989
83343
44594
80800
74295
42703
7400
59122
58760
86246
15861
78509
57809
75541
50070
75633
10824
62652
21107
34674
57629
16306
95616
78966
40461
50491
32594
23680
11117
78955
49566
75469
72963
43996
60355
90038
12500
93028
51607
23546
158
1323
90286
38809
65023
64389
79302
52213
73178
8415
3479
32291
64341
92218
33043
85901
26490
99126
76809
92939
13172
42253
2270
75515
33164
31579
64767
12554
67195
76287
12926
35732
91399
20792
62552
67707
12197
37901
56171
88563
42294
27537
50400
41422
72472
94466
98341
13150
18875
3465
19176
51101
50469
35376
72161
1829
26365
92467
77204
82711
97692
26549
49205
22426
53711
88294
38359
31206
16848
21163
93605
86820
16352
48424
91399
47211
95242
26651
97016
25740
30249
64180
50551
89953
69432
27940
94823
69828
17154
87095
87350
86435
21120
66948
63605
36935
41135
11530
43721
96872
4306
78323
99844
25682
76347
13544
26317
86366
3686
81436
79885
15261
6061
46005
82105
2840
24296
28623
1152
71493
52932
89964
55203
61213
12415
9677
4601
59130
40524
62267
24963
33832
7713
12591
78439
60410
86085
79427
25308
47155
26647
40549
43080
99863
24569
77736
45320
84672
77109
85169
17355
75366
63909
89635
11073
96095
4331
55995
65980
95444
71543
76332
48723
12779
68024
66240
28256
22829
92183
16668
28838
69409
50783
74776
28042
24262
96844
52232
91988
31922
97734
84380
64955
26552
63112
88734
55583
31695
87430
96221
86840
78872
86671
53615
1952
5966
34005
20605
43473
21324
24075
9921
47686
44523
20565
43971
21528
59735
66772
26415
94219
42624
63842
52124
60785
46718
46377
3947
59667
60187
10091
9736
51593
68973
71197
58069
91913
87208
62237
96085
13577
40844
94002
57906
62943
15453
38275
97045
55604
4120
11048
21268
44430
16376
60920
53330
16991
34095
92355
66023
64573
25309
78500
64988
89963
51868
43226
17708
46182
31884
17110
52140
23373
42901
97021
73402
26013
76718
64009
71975
7653
81820
39183
21838
55354
54337
82266
91989
41030
63475
62508
19775
81862
22362
56660
19481
76988
40239
53672
24611
12648
16935
70831
87292
52974
65567
11002
83253
58613
74399
15674
95799
365
43799
93498
77234
60036
59229
28990
11156
35675
86213
1111
24077
93405
98209
66385
19787
33015
73332
86264
34917
59510
20865
3416
39128
77808
23481
96624
28366
52771
6142
68991
84620
1748
67584
49127
627
11832
35337
10018
92948
99008
30226
35252
51867
51388
51274
87301
1538
23707
16956
57542
68830
75282
23738
2694
84295
68615
7839
97382
63707
70829
21152
57492
43599
25118
57263
14017
69250
84411
88508
42083
58543
24426
99995
74829
90143
78309
31546
56848
89428
60038
63480
16859
10614
68789
7184
64308
38504
91447
86404
39582
58308
45440
20198
72522
66964
29106
43490
28927
24401
71756
26152
49734
68184
638
76561
12556
39968
66977
40574
70276
97215
98294
31838
46381
8597
69171
54393
91712
56528
7668
3498
32342
95263
79571
55612
63239
38003
17655
83478
67430
71439
88162
57240
65333
21174
11663
17531
23957
16466
80515
31473
80650
27718
40075
67526
61085
75169
25877
50120
96174
32201
73956
80009
67594
71726
46500
31288
36614
29067
40020
61005
35909
79784
68234
92308
29052
55880
36836
57070
67371
48824
52358
8916
98846
72821
32291
42601
8763
86783
8670
80679
96773
98423
42301
13385
20081
98917
89819
2683
57428
1569
90769
86409
73561
82920
66893
43453
88878
49732
50803
5910
83946
80292
86254
29141
93553
13467
67168
55684
70016
83953
7627
33950
20400
27153
60004
77638
47360
2115
23431
76815
48278
5986
9783
96593
52395
78394
59370
24335
609
19221
23522
51343
97645
68182
56263
99950
91273
19664
82242
31959
58262
71259
33135
99373
1762
29414
69681
23340
89799
20665
31554
12266
89571
81856
82254
55020
77234
27816
41210
50175
27855
19902
20264
57224
15244
83868
6756
80705
76319
50482
60362
23171
19727
17339
15896
67951
83374
55293
9259
77628
70579
7972
68715
19180
19527
57780
38688
51718
85711
56855
28269
37758
42040
46390
1613
63970
26328
12787
52420
82330
90819
54054
29689
7628
33453
54896
6922
32251
15566
93936
11978
44202
95693
31504
59756
59264
34179
51423
54903
3276
48273
55246
56718
5432
22400
32366
23464
88561
3300
54439
78252
67315
34710
67573
63698
90200
11292
80695
77539
86401
56481
73555
6389
3321
53949
72791
99831
45787
87373
69509
52028
52846
68180
76786
83038
73106
55983
50570
37027
24540
1370
22386
39562
49708
65744
17298
81176
2321
97909
55565
19386
26092
72072
61421
16358
11811
16965
27428
54407
43580
90765
7827
96507
70142
81503
39333
84023
62252
37650
12808
88821
42012
58564
44252
61972
95124
99486
18548
46221
1986
70784
4395
44412
48577
36108
63872
61062
3056
39171
5071
59261
69037
13826
51230
96
51441
57127
24809
56781
95905
70075
69945
20682
87644
95719
61725
41418
20737
9312
75706
68245
73754
40206
16138
84881
52672
30167
26304
54990
87007
57812
29436
20485
90115
83839
73629
19862
19583
96748
79197
18731
98662
63742
11912
69754
84666
16485
30553
44147
95284
26411
82216
1972
28745
49279
43808
93370
38756
43643
33178
7945
50174
92944
38305
14484
26332
85898
38001
58185
23969
34876
12545
7605
96683
36951
67700
68496
32870
7324
20550
6719
39068
39784
20586
47439
4642
73917
4485
42765
8769
73738
8017
25042
55630
47435
83522
87972
48772
62913
96386
62758
40563
38832
98960
81447
17690
15813
5362
44679
8612
37512
15588
36007
23949
96245
62385
49995
65691
22850
79307
26268
66216
25471
13407
6707
43012
6966
30992
57980
80076
15602
89883
26587
71894
8751
76615
18614
90967
34250
32016
21387
64810
59135
13606
9195
73353
421
68246
302
2700
37617
13477
57392
16161
11671
50995
48681
28520
40032
60683
11849
94453
2500
48657
87990
47049
77579
47742
17776
47362
33998
93841
17015
30942
7094
26603
73782
62269
14751
87864
34333
33039
92571
16261
69962
65233
52980
61492
42016
4913
97937
66626
7232
17671
39949
91933
30596
21680
11076
78639
97915
19285
64606
76078
45272
13052
99101
80641
47578
17247
59485
59995
33375
642
94879
60986
18117
21624
77853
24670
73077
41516
14802
56915
72095
27061
2110
28000
83349
78003
7814
99665
98324
40707
83436
3032
15180
93745
35681
15844
18704
16398
12689
12461
24028
76004
84517
85043
76308
95086
22557
59367
23540
84215
7557
53704
4718
51518
20951
54209
20505
24794
99176
5241
78612
47163
55659
38070
31071
32188
171
86400
45596
89400
10238
62142
78204
56183
34278
89883
39297
96936
31171
23478
70396
55459
75945
93213
73692
71498
86256
56974
61631
97392
49360
53850
18696
75751
54262
83620
92592
64110
58722
60557
57002
17488
45822
14985
13125
64800
49763
41023
22161
40052
55587
13965
85946
54259
2523
25722
17920
19020
45619
11771
71607
57699
55375
68039
18810
65130
60043
81174
94701
1805
60295
20629
51982
33464
70942
65996
91329
52038
69388
68039
60286
38875
55511
66850
37806
56188
52660
15575
46619
77666
4449
83138
60626
94179
47043
34417
99498
55523
61613
11287
27669
34128
36666
62989
99907
21691
94912
99245
20665
94643
64381
64572
9376
9408
98459
57220
88903
13383
74536
41177
39317
82580
25966
24677
84194
21860
86997
3656
1617
88713
55396
93576
77079
26496
2421
98074
40464
18094
84858
87864
54294
95923
38784
88325
45441
69217
59760
99222
97476
54543
99146
94996
45857
20468
31202
79051
43128
82331
70685
90489
86336
8048
45627
86718
23829
20888
54962
50384
83650
10160
65720
94049
90691
85748
29447
61062
64808
37431
22558
46066
17078
84929
40296
83563
86391
29599
99002
77986
83560
43743
26366
73712
35136
58439
44354
88457
44125
35848
74500
58482
9774
36940
20249
69056
73643
20551
6039
68611
84116
34741
77805
90025
96574
86364
94603
27471
51387
99806
66025
42270
96931
812
15112
96185
49813
86356
71439
35596
9489
66480
24060
74991
69460
89046
89008
53205
92247
83328
71035
60863
40314
83399
24271
62436
80140
17235
41500
61377
1622
72481
26740
81755
19997
74813
30807
64829
52474
39834
54554
4002
86755
84453
49479
66598
83643
8655
70375
75880
80917
83637
59728
51770
90667
7222
68533
33695
7267
12491
43229
33999
68189
40582
33430
95355
34827
13586
148
50627
85538
68472
29187
8605
38068
37995
79408
14054
43569
89503
20538
55524
19376
57600
40219
19347
12749
31589
24985
13264
12757
83643
44848
8116
52490
48628
96191
71045
68799
91533
82643
88627
11736
23428
38634
3395
20888
51899
25309
12169
10800
76891
53498
99644
32661
67898
13425
5672
4450
83440
15830
49664
26724
18764
74224
60573
26243
92699
82930
85864
94608
9618
70616
77937
14113
57425
34007
81428
87984
27521
81456
69819
17207
67682
41071
4812
91121
3777
13073
16884
83969
91278
71086
30483
74596
82491
42040
82275
31476
20441
19367
5913
30259
95369
89200
81728
96027
24746
74229
74819
87441
42777
24938
9941
64976
10301
12881
56658
10417
81046
5704
23188
89819
85171
28583
82367
77112
16022
41788
78191
80530
31059
89036
86355
39069
2874
96341
27235
81146
81241
26036
54748
62655
52149
15653
69533
26604
4736
56369
29878
51524
42075
90671
58847
80828
96745
33962
71027
50325
37119
49774
67351
56060
75324
33281
71418
29669
12785
82800
5753
13453
84317
63976
31458
52334
86677
96315
99659
44902
2537
16785
88230
20728
55798
139
22189
36131
59192
40679
1236
5600
40105
25118
82849
11031
55565
51259
94388
56002
32318
72148
72642
57242
92948
70410
54251
90499
53968
92449
65442
32991
6817
97194
84532
69628
17709
99087
75605
55182
7265
9999
16830
49613
95867
9751
71840
68722
25678
99942
77618
17323
95248
20769
47323
97119
67668
35512
11494
6483
38189
12391
46070
74308
72252
58471
60668
95136
49868
85306
45547
57741
77280
11004
706
84355
51854
28415
95542
22726
91118
94112
32521
58200
61914
17860
13280
38005
70574
57267
30618
24933
69
47292
34792
22599
5078
19307
47582
39477
894
89397
22530
83886
7116
20584
74825
7127
32076
88668
29237
36944
8906
6364
59573
68513
19220
85431
18059
5131
65325
41474
78113
65806
76901
71114
38920
1924
63097
56202
65281
90186
45970
74777
61133
94005
36214
23445
209
10545
37107
80878
62267
45595
87622
67106
48312
83455
80629
78302
73270
44042
17145
1743
59533
44375
82541
40632
79829
6657
55671
3471
22836
80113
86843
37673
79994
68797
5577
12103
76945
82536
44084
78226
98039
53206
87410
64558
77340
83532
86168
84109
54583
20594
92817
59498
19496
71223
7405
95433
92956
1482
43725
53239
18378
87419
51820
7127
61817
9277
57771
86889
44180
6339
6706
36706
54020
34619
19977
44752
14320
94562
2426
23298
1732
20958
60689
43975
41681
52245
18474
57918
27799
21396
39748
55446
39103
35580
95773
44991
53367
36770
36923
55944
80125
60507
55233
95123
61742
34987
48593
11535
15979
87674
22556
49128
18514
51614
90671
92222
48829
88650
59290
33298
47922
71710
7789
17844
61267
93380
133
45931
65471
92914
88727
35223
2053
18904
96489
75097
66797
69778
88088
26563
28104
79312
66271
47671
72788
39358
54234
49100
2745
76958
49958
9599
30949
28047
63462
5996
50191
74920
72897
37424
73019
39659
60433
48493
66298
50708
13861
81059
28841
24769
4857
9308
85548
31232
79849
37812
96475
31297
24413
67281
4295
9005
87146
57658
68566
36341
73941
43278
60257
39610
48623
79762
14965
59270
860
27333
68259
20408
67297
253
21594
56053
16856
37050
12222
50500
36128
71248
85558
94849
75806
7253
93408
71935
44083
31125
66523
12840
57964
10880
34910
92176
88432
66047
94324
54321
60384
11136
42397
87808
93308
2733
32834
90033
93604
44887
21105
89497
34511
32486
86
17746
84573
37313
49076
48207
70562
66462
44633
44104
85833
47804
6657
82653
80006
22195
78172
47702
90948
47106
62235
8020
4969
41370
64406
23424
56183
25726
14233
45917
963
38850
64165
8034
28434
33573
89354
15592
92938
82944
36770
87006
79408
50862
97068
6392
37591
6933
97651
82612
46053
90261
40357
31473
91915
51845
32216
23257
77237
30286
82709
62764
88009
40474
65968
94069
86675
79955
71358
47173
14129
82659
90870
68730
12117
74682
16774
4052
1995
11804
47962
22564
80767
3429
28412
3907
20345
52650
66232
26872
80972
67101
6696
28357
74739
20304
57729
24521
40144
68195
91267
11347
13614
50506
68933
86775
8946
31703
65472
61610
40589
61158
88371
51385
51718
57253
17110
66373
33021
45093
10484
41924
43157
2515
55419
76325
66805
94099
55743
68371
71249
97842
84322
71822
47436
54199
47022
8950
46446
92176
31919
10350
47307
12163
42206
73213
17096
30188
36225
55237
49266
13291
23065
46378
91125
60687
87168
85612
96422
10432
40371
14914
63964
76257
24829
87619
48200
44261
15260
73377
52729
84164
93933
26873
42642
54795
96856
12498
36655
8501
54591
2175
64966
24176
76132
88513
3768
23586
49294
80474
22366
50687
56032
73757
3822
18612
26154
13071
25074
54030
77835
88493
7472
93545
18398
33089
73655
11846
3775
14003
71711
86271
80106
34178
52570
27492
55903
86921
11544
30996
78209
30477
29977
29060
11212
74819
77920
47895
40726
97825
63786
99656
52997
33044
41911
64008
61258
96224
13964
38919
78477
42805
85143
65390
59732
73548
61090
55794
62658
30505
96472
80512
99391
50502
31157
92561
78456
68332
74920
94902
60036
86839
26631
80102
73057
56090
38848
97053
67521
28814
63754
24428
540
84290
41390
55563
79491
37899
16098
24452
10741
78482
92133
27540
27378
743
64369
21011
94373
24841
85042
98246
14640
20384
52463
77142
84390
77005
32644
51995
71256
88707
49770
89603
13604
44161
6458
74308
64468
40158
19732
31647
28558
60380
83671
85303
65770
86704
94641
27046
59635
35202
71
4348
74153
34043
56699
55364
47432
85473
9225
45961
95597
79065
25321
88483
25373
48431
47911
46953
78812
88566
50690
58371
58576
76042
7792
24831
7232
59204
13562
56110
38976
10585
13355
67446
47255
58712
31319
62168
36684
41491
6080
53888
52736
48363
70275
7922
7610
43424
34878
6640
25732
86675
64233
68432
57327
95619
52767
74971
33489
14372
39284
86465
61192
82473
19803
49587
81687
20601
44866
27766
40707
75370
12257
8530
43933
90388
91068
67585
96144
95779
38050
94325
47502
33348
92185
8448
95404
59580
58426
22380
15330
93652
16521
29181
19142
2658
15887
20632
64254
41230
42444
65183
62127
87732
68371
449
59507
44237
20694
19951
90865
92447
29680
58774
25458
22765
42932
7850
57462
78703
16163
11528
12606
83799
16550
28143
69746
43249
99642
58255
20822
37432
45722
70256
17629
49513
66595
78022
78839
94324
18712
50309
55725
40690
83584
56568
79997
44414
1424
78882
42221
34079
68935
44699
74232
16881
37211
60048
33991
96665
70665
47942
16321
21353
52930
21636
37963
1960
50669
47439
70376
70371
71241
76762
18739
68086
75141
52097
70579
83098
29170
16600
62459
77111
11260
81987
38181
70278
2905
34405
96920
75637
30117
82990
54743
453
38859
80784
67942
56632
15892
72700
91624
47416
90966
50227
71986
22521
81292
17567
95728
18931
64245
98873
45022
29517
89222
41300
31495
66683
64597
93535
7644
13210
80718
64511
79141
77501
54864
91976
66440
95404
9128
75620
89153
45808
17132
54432
71605
72197
80540
32995
93029
27340
21286
86381
30814
83325
463
98358
70272
74102
99814
12573
79334
62742
26754
1428
71632
50582
28864
82299
6393
70458
28801
35824
98595
31208
15547
5916
37799
5626
52951
86210
39130
79066
91490
22619
74804
876
94190
86694
59678
5852
12644
99467
89224
97901
74071
10477
53395
13091
65338
61653
74803
4294
24899
90753
44645
14591
78581
54033
54834
31635
80153
72854
49741
40161
42619
33892
46023
14824
71172
97653
93937
20564
33741
94974
78609
12669
30081
16206
84673
53737
45329
22751
72729
89721
98973
35657
41061
52243
25168
80949
71035
79362
45337
96383
79636
71988
18997
29320
27564
28136
83740
80393
56340
22181
20317
72667
52850
21341
3754
50976
64769
56541
26441
41116
15298
89862
4135
23600
90663
45763
803
1640
98795
98256
33257
68063
22650
31227
41511
833
16582
14090
35790
41884
19236
59957
56150
38930
81367
58524
5625
54960
32049
836
42842
75088
31695
38152
45061
65460
85332
42063
77544
63899
14566
58082
30229
6973
11680
69866
7607
23175
24296
16277
82776
46909
44039
28462
51580
32961
97644
79137
47791
76144
63945
61269
5263
65814
65172
38338
77988
29924
6013
33367
54013
48328
58861
48915
24131
40006
18688
35207
91299
53902
75987
48602
31719
18063
81226
67575
43508
26767
99228
58412
43913
70327
76945
7798
995
37259
73038
64480
10717
43495
22715
57212
55391
68342
36261
81144
4403
1867
54695
69866
43160
33383
10998
95280
41200
35753
70335
62488
95398
25171
47728
91894
9213
1120
26607
5694
93893
96196
26670
60952
2610
90485
94506
96446
33425
70170
15403
85468
62050
35072
69789
11769
90326
84799
82735
10841
21362
38201
39966
43709
97278
65808
68814
95439
60474
39945
7544
15540
24376
32214
11503
42437
64593
13023
69519
79232
66423
32852
28992
12901
89638
89951
53116
94157
36495
14143
58665
20126
33913
21438
7784
87053
65737
19123
52221
5217
16044
66038
53438
93232
9422
17712
27039
93935
59154
11046
84949
79043
59256
68241
73792
34770
81294
24646
32887
45581
61929
10223
20321
18288
92122
39310
80515
13652
43926
88377
51746
77711
95834
66449
37030
89979
42575
7903
86837
70753
343
42307
67053
14666
43356
21003
10630
42711
32709
5112
76375
89907
23452
44656
63294
70794
60819
3475
53947
89949
1561
9641
85246
89713
21314
36037
70123
52303
93940
40811
18524
98516
53772
22368
31151
50200
76718
68615
64398
48676
41138
5116
89916
46311
54450
71873
97241
13423
56399
83403
12932
27699
34917
51799
34644
38331
15520
77476
3585
22035
10183
37273
63786
73159
36618
24607
81625
95058
43903
21368
24047
84928
5396
6237
18907
29284
64872
29119
45880
52265
46819
6376
31382
83970
66834
16548
45924
40986
3049
1253
27345
36323
14535
941
78372
60928
17617
80213
11921
3962
56029
22366
42593
4043
25861
97868
47808
48627
41228
36449
46992
63726
51598
57489
72275
61142
46714
38398
29131
35407
10060
25664
70395
27625
6789
18276
32096
98384
17070
78187
4544
76950
50779
47523
37114
78908
4474
77212
144
9455
46593
96732
52420
94521
41817
79652
87647
6908
50522
84670
58374
79641
64276
76821
788
23712
63299
58553
8830
92400
6841
65343
31067
59370
92401
5568
88748
2725
44739
49288
38499
12196
20603
95649
28069
61679
40119
73583
18602
14273
80784
55498
71826
52044
94981
88648
25641
47667
36983
73859
6512
20160
10353
46307
52119
41885
71701
38041
42700
89006
51721
26925
64520
52589
79456
1694
53909
52541
20713
97815
95301
21556
66590
83830
71719
51285
33023
2881
91134
17886
57321
99094
37142
29162
2595
83519
17397
