803
7750357
7229150
1047307
3440676
7828641
3415088
5285523
2854066
4405591
5842039
1092205
2051806
2239377
5353583
7948927
6760121
1552920
3023311
5018567
3768012
5164265
3306680
4404585
723638
968513
3950684
4199364
876022
3146318
7536329
1696610
6637058
5473948
1528929
1142820
3838834
6109899
7711214
402807
561277
1233089
7874242
6914290
4405090
6907593
2641135
7306547
85025
2548961
6298618
1058130
7218451
3367082
6511379
2568641
4184241
7160623
7794231
6019576
1926973
2838021
7617097
5399220
1581442
6040045
4017803
4066619
3792481
1238914
7597679
6229602
7605104
7688982
774982
711877
2799947
603985
5171126
5384175
1549036
4935848
4004720
2634474
5266859
1130057
4368429
6252267
4531752
4232593
6263640
6101911
7952601
7723427
7267942
2960022
1855850
5451579
5710419
3891944
667828
3046738
7229757
2542276
5867384
4182449
1590159
2714458
5383837
7065856
6630079
1614430
3315239
529010
6218763
3133341
7841947
7096744
3095603
5544330
3210509
6406103
1467309
5988361
5662869
6352340
237886
2124134
1185870
3336478
7746427
5317039
4956085
6989427
2887721
1742194
4354952
2747671
1490671
7776526
5429222
7655512
4829519
54928
4671721
768879
1142897
6565475
5997426
7535699
1035676
7158696
4789848
3527832
1638638
5845919
6892736
899565
400952
7261672
422086
2947673
5390474
7665147
273464
2148036
6976846
855725
7199645
7043827
5772416
1377572
5333562
5360257
1705969
1388287
4031568
4720882
3104271
3566616
3912006
6340475
4656421
2434233
964104
1069460
5136024
4466577
602164
7164907
1756166
3367755
7540084
3163093
4032210
4884508
7361174
3228619
27404
5534235
5658298
4355097
1856292
7622089
619319
792397
3320951
2922123
6932865
7075451
4555031
3397507
2889400
1029628
4550611
7334808
2552613
4127667
442865
7267326
876114
6573171
2427548
4062499
5640451
6485667
3186283
1548365
4085428
2562230
2694669
6054092
2112747
5590661
7288199
1239569
3933953
189235
3860990
6589054
2038698
6148014
72328
1943891
1358317
6746712
7436019
6449289
7499711
1424132
6167562
2290160
6924547
2174160
4664124
3591021
948773
3043327
4492341
4854960
5437437
2104925
3758914
1316663
2069828
5284697
5739034
3584504
5049925
7413077
1637609
2946697
1137154
3879002
2358309
5716509
2872469
260282
4155419
991542
874734
5305535
7043510
202070
3082424
2642681
6839917
823439
6815634
2589000
3715032
627536
7533410
5437759
125413
6848316
6161378
5596387
3004696
2636387
2864696
7951227
7087332
3177669
7141318
5833844
2240123
7851104
110567
7963893
1676585
800435
2872019
3743556
1929110
2295048
6809705
6278536
3453950
7254869
3716623
2500618
6744006
1314335
3614560
1766785
4824439
6800416
2144231
309909
3006084
999709
5400727
915990
2771681
7089587
6089277
5202969
669918
4108417
6876321
1876099
7092290
339835
4810900
334874
3807760
486087
4691351
1006532
1130246
7005430
3252323
3781109
5593910
5988599
47096
5923059
7011266
1949332
4900224
6834443
7789095
7903962
5805479
7044670
7377180
3115069
7144115
6801808
724843
874191
2098443
3640455
3620307
2698609
1135714
6301170
7787858
1317178
437324
4376473
2617829
4820237
148321
3058403
2404393
348569
322231
2362636
3966166
1696431
436193
2204170
1524629
7203640
6351413
4699573
3715353
311731
2593920
3070791
7607046
7159169
1830643
4525515
6603410
3590624
5415797
489122
7102802
1955315
6882585
7563164
6790722
2069409
4255204
585430
1440103
4717489
5056174
1166569
1094415
68079
1883974
3078268
6508583
5378234
2435990
1868003
2722723
4362192
7851777
6075345
4643676
2599092
3251632
5424835
7509372
7354748
2345485
1370411
1110991
6192489
5987094
7366409
647950
4748063
548556
240120
1090689
2043601
3990137
6040914
3926284
7715645
1500403
1740917
3161857
7532235
6581671
4162264
3460813
1574068
5455772
7505903
1286881
1454703
665122
856969
5930966
2954847
3744114
3041716
3295824
445692
4835812
6211012
7313534
7476315
5128965
1525403
1870800
1900146
7990331
6316725
2117047
3915494
2667316
6101297
2030348
1395138
435917
6819661
1116147
6879975
1068990
2677893
1113809
4611743
1499823
2965471
1585967
3979789
556019
7224716
1265698
1756916
3638700
4146780
6036499
1499283
1222015
7569207
6420083
485367
1047967
950058
1446978
568996
3891548
7693588
3784955
5321433
6771188
2702500
3000249
7837533
7479519
6531744
1826609
7580955
2309446
1518897
2317147
643441
2850537
7266093
4754013
1793155
3730720
6848515
4190869
6687084
3178293
1124463
3503187
4622506
4279255
6521966
7821351
2202515
6804936
5676970
7221577
4290613
1484946
6298084
4549642
4629357
4600443
5632887
3252429
498081
4772703
3910801
92280
7784671
7822004
4137524
5619166
6846399
7571831
1616024
5275666
7534835
473386
569101
9760
7759805
3925407
1238505
3270438
5967421
164315
6835621
1261111
5907169
1599651
5718718
5325849
2063065
3469849
6171751
7343418
123864
7693303
3159738
3004139
867344
7789755
6435691
1844556
5833641
2746996
5374110
914913
1162654
5707877
3906049
4954452
5970507
7352634
4930728
1949513
1640080
7851521
1578723
4949457
400595
1262765
2701708
1015393
1571274
6250823
1963767
2176724
1844045
6999958
1909263
3270499
3980330
6198126
6382272
5538582
2296874
1966174
672579
2857636
5315657
6607355
4763239
5476910
5952853
3052146
7054692
2138850
3621859
873392
3940453
3457513
625383
3746749
4609357
7429799
1211601
6231451
6449363
1954496
3669367
3746380
4427929
1234131
1837494
1616454
3823947
2934642
6403089
3064328
7686235
2977856
2363963
6022404
393598
6841783
1030086
640154
6691450
2243721
2939125
1361761
3579993
4081176
2061024
5449063
428971
4505590
3666663
3824818
4693969
7003882
6235572
4111278
609292
5362810
3777704
3739074
6232396
2391134
2944279
5001417
4214883
5274597
3302687
5928610
7675058
438719
3150448
6857870
4547057
794401
7243245
2573466
5781522
4241347
6812011
3892168
772853
304288
244079
6569010
1388015
3777031
4803402
3398364
5971907
249310
3764827
1385322
4704299
2391458
7337436
7862404
5683327
1871883
7751947
7426560
7110548
3782367
2887181
1571504
2952568
4446163
810588
890341
7454219
7483922
7607835
5723525
5878310
7012418
2876464
5127114
4846931
4851090
5258599
2036348
5659328
2611403
4387730
2499535
5961336
7544010
1624552
4857247
1141372
5018738
3956861
2741840
6827998
4512375
1438528
1772267
5864038
3979281
542519
3819225
5132265
7479802
3802990
2715596
5607645
941502
4121435
5287216
3011146
928209
111905
5578943
2440110
5291863
860281
2151047
350185
4582190
6472619
6320910
1263823
7089184
787545
7225034
2580336
393392
2627730
