417
3177346
1172283
7010932
3533752
844563
1126313
6394230
2133185
4342392
1548460
7318434
5563738
7253753
7452944
2352688
4161361
709573
1750255
328738
7481274
1468372
7145104
7330683
2746696
7659916
2354681
7286277
7305389
567934
4522235
5534805
3969010
826891
7700955
746515
6110286
5407833
5283174
568614
5392985
1768283
6249878
6372828
5009719
1541214
5115529
6479520
7302541
6138068
3443207
3233377
2641368
2640852
6805051
5305654
435211
2358288
3063031
6597984
1151215
421027
1845011
7122746
2216517
790928
1091146
5235004
4677915
5059397
4545573
4590998
5494345
1409789
68430
1208205
2337177
118874
2643174
6001959
7773318
3972363
3954220
173637
7706133
3969498
409892
2825402
949173
4691707
1485682
176513
2807717
5710315
2262827
7756197
1543134
3408323
2037191
2948080
2595040
7591248
873471
3261186
1436289
5262026
3979703
7702494
7935761
5934976
1777088
626060
7103966
863825
7540131
3433698
7096467
6558803
4482087
1502232
7350105
4967792
160722
7712295
1727045
2696541
4079392
5953711
5541632
1642944
2358427
7982422
1345058
3420379
5351828
3003983
4342841
3945113
6084281
5358626
2320119
562761
1383484
7682877
6949759
4088821
5582776
922741
7358269
2138258
4669096
573447
2824531
6119159
751236
4520759
5486346
4265447
2723420
1858845
1929787
5083658
4999190
2059710
536368
5588782
6190605
7869194
5463023
704164
1607752
1304530
129900
200472
5453571
6128465
1090970
5548719
588991
4174944
5162436
5062356
3743381
4901354
6683975
7703425
4045309
1542336
7787769
1927774
6748619
5240152
2550372
7944331
28815
6526623
5902368
1763448
724763
3531623
170859
3409300
900700
6293136
2129753
7671351
7103560
543879
7432871
5769885
6190611
349488
3304869
4310588
5602402
973257
2364959
5903208
1956028
5342453
4458463
5819266
5833701
3491187
3371159
5063832
4641639
2354842
5301457
2236370
3414263
5291075
3965372
555635
5438712
2702373
3209324
4423641
4574663
5135174
4005738
5903687
7144473
230551
2706464
3487448
7268622
4901459
1429008
1526125
1521480
2111542
1450575
4700664
2782378
1630504
484923
7906027
7156997
2141045
717033
7924540
5844066
2072355
4470587
1263288
7822373
535171
383264
6530583
1233091
3733404
964842
7726492
7332412
6227315
2413120
4822427
6889499
6423267
3562644
4793
904748
5665032
6841254
5957710
5523359
6301659
6109436
4559784
7019226
2106913
257494
2369950
724134
4425267
1435526
3277375
7777271
5419460
791220
690419
5570054
5794623
590458
5639667
5761264
4373958
7595736
1170017
3737496
900985
4577392
3396829
5393921
1443352
6832649
3601147
3110357
1773207
587473
7738970
6797661
6099126
2156240
7739593
5889426
4524616
6734213
968014
4153990
2608169
5697841
226392
7201763
6399887
5287859
2669580
4562866
4329660
5550211
9710
6210074
5321917
4409774
2384851
3402083
2511933
5751908
2266717
5722081
5938701
4386807
6782451
4186639
1589362
2771668
4825461
299904
170207
4365671
1330322
2928116
4979229
2492775
5086745
869430
2255250
1587319
2467597
994053
7378600
5697442
7446000
7829693
2298368
7121314
276475
6467320
1561204
2051179
1215162
4662243
6316697
6100210
7654096
5495
7674303
4587176
5044545
4040529
2786844
6453924
7984417
1200236
5035568
4690671
1844718
2439265
7691767
144110
1310086
3436661
6429960
7583328
4208377
3243814
4067643
4898536
5004319
1252719
2906595
4307612
2332224
4359554
50748
2445458
942771
