805
3104340
7322312
1129326
931825
7689659
7746546
7074649
7458877
725548
4921315
6886046
2008317
3958458
6631605
4752122
5841526
3287092
2329912
5730285
3220159
892776
5288102
6006028
6202535
2721392
3507072
6941264
6385329
691876
4259236
1286731
3465594
3006276
7138814
1933457
6498074
7936372
6494942
1578286
1722851
2461859
6122585
1678468
2838286
5135097
7086271
3070313
5594286
6547415
3551631
4626904
6580877
6771985
7499758
2329875
87087
7158253
5199374
7130251
4905152
7852940
6311806
5973350
6955022
422593
4503786
362749
1604187
2952715
6443053
2838309
1557816
2998440
51768
1743267
6194203
3761786
6892751
2655388
2220529
2870459
5563518
857179
3523938
7133226
2973141
5220166
4092924
4646849
4376912
3878235
7884027
1629581
3043827
4065036
5508849
1356222
431876
490443
1616374
4569743
5746151
631085
6845609
744471
5754762
5309935
6223528
1575830
1737569
4939964
5883338
2071654
4442723
5806852
5978054
4620055
7926024
6765768
5664381
3408860
5148087
727210
4031917
4571604
6204323
5306906
2852663
7435091
6062733
1014781
3025847
2243512
2684512
1357981
4593065
1734132
402466
1232965
6198722
5939534
7432248
7981659
1870802
1591429
6391393
1486666
6996936
3501026
6701180
7680549
3370795
3290965
1746295
7844167
7183781
4853815
7667317
69079
1837048
7912130
2661004
3259006
7448817
3055074
3663407
4045364
932020
3626601
7290779
991848
2517247
5840203
3913312
6463088
6596005
2495215
3736678
4532363
4759296
1669694
7766383
1303377
6906501
3764844
2529936
2021100
299582
4276017
3431831
7346670
4437590
3665270
5616339
3171360
5626493
7710486
7213110
344602
5119311
3706060
7840598
6691077
701563
3890140
7242284
7691871
3597033
1473441
6930725
2204685
2568842
6644614
3714405
5598117
5090835
3927177
5982408
6674998
7464279
2263016
1621891
2759798
3754876
7197439
443385
7325086
1425088
2540802
3988896
6532062
5536772
6881687
5597822
3060144
7399131
326651
5605687
7600623
7536973
6841537
4550683
389374
854288
3569339
3263022
7153638
5868133
2499643
712109
3847856
5887834
3864616
6486519
6553579
14491
2636568
6781792
918424
3835812
7502076
771036
7509110
1691241
1687662
2233349
5453541
6382413
1012041
7315045
6746962
203910
6539932
3298700
7597173
5169343
3212426
7255005
1183806
4307732
5828922
5452437
6206666
5905207
3755621
2399738
3598130
567022
1735587
6396207
3774619
2974877
4175364
4464806
4802115
4214553
283165
5543079
3850760
6548868
1433614
806882
2313505
2510931
134056
4001925
2963823
2192719
1967428
658129
7527489
6603967
3886694
5061792
1043418
2976360
2235838
1860573
7388570
3888054
3872424
7176279
6341910
2083492
7766719
6100477
562443
2863544
6452375
5447909
2856294
1920959
2703674
2642720
4107870
2496121
6814339
1612506
250067
7728127
5852901
565166
6648554
6076173
2269638
6523572
6275106
1686254
5230069
5493046
4045014
7578173
4050010
3136657
1693542
1527869
3107198
4833324
5566461
6520051
7604473
5993737
5699635
3646146
3559528
1509083
2562673
3322566
1396210
1207592
7841647
2704277
6512398
193891
3635868
7168688
6199435
6946174
6443722
7744849
288120
2046180
312580
362966
896274
6416988
1527756
6799220
652853
7943621
7215537
3190907
6773638
1351464
6235274
7996890
363478
6217496
735532
7278352
2320099
1989331
4749306
5174880
5214475
887077
4203298
1450846
4522763
1562998
716258
3987107
4584796
394001
7561386
2093017
4664146
7281922
4167794
4513754
4484740
6836639
1536038
7951
6619050
7816985
4942705
4370651
3102831
5704480
6309064
7776565
7651436
5284872
4608784
6318648
4852687
4112497
6689712
7616984
1711303
7732442
2884706
6372987
919901
5535530
1786548
7743914
5231555
6121107
2561899
2412683
4308915
1042654
1179332
7228018
1424887
7811201
926419
7289892
3389890
1031559
7590886
5355292
3080651
6546363
7680825
2439291
1945587
3462925
2058976
7486438
1861733
937905
1366059
7987453
1718240
2594791
3608184
3416241
4101433
5449191
283312
5362218
7456430
6216938
3421784
6232943
1100331
5880010
7915908
402072
6461960
5385258
5513615
7677617
1923173
3350952
851171
2965520
2636731
656133
5899958
2003543
695735
2787784
7202308
3040463
1029618
4820808
6271411
6335585
6401707
1905822
3530277
7353569
6883342
6139764
6164763
5529563
7179561
4694309
6265665
479653
7181346
4077099
5634868
5531627
5119432
3400788
5630564
6451047
6694674
5534896
2426525
3237636
1559987
1015479
6060446
2866980
6528839
5587604
7646346
852533
4885307
2255650
5126034
7502948
5170704
716407
7934635
749713
4821756
5049998
6955181
1420095
6035353
2543606
2137264
4830408
1234857
523020
6154746
574581
7512970
4066988
477544
2383053
7426170
5479387
6232465
3926963
7515708
2394203
2228106
2442669
3930165
7388322
518826
2051566
6524572
5977140
7882768
6650230
2811096
5867975
3588950
6245860
1136285
2346302
1828418
2612045
6459878
6669795
5184460
2139835
110173
6345180
1516883
1759129
4890962
162907
6635356
3805375
6915030
4864627
5136808
1706579
3539208
4318487
3781896
365633
775999
6077236
5785529
1112949
1556761
4194138
4396463
3104409
4221448
1171711
140948
3039625
609926
3918262
105446
1075519
5129839
6587247
7633409
6810201
4176044
7174438
4811113
1212176
5276609
2747901
4117571
4369851
7340367
6185794
7613485
936361
3381042
1296968
2044286
5144707
1092930
3199386
232212
5268202
653145
831356
5132472
1401234
7125429
470570
6928449
435343
4840522
7135963
5540988
2105604
7128096
6747378
4926728
3982326
775250
5918048
7540510
7283069
6586572
4254891
7336837
7379960
7420754
41610
5685404
2877339
1078783
4179618
4575690
3134700
5418681
7261761
5485605
109958
5071817
6653867
4289209
398020
7135777
2459100
6578488
7339674
7218796
1240125
1774192
5075788
5210758
4374091
4400743
6421819
4155751
7915425
900192
4437642
7601190
2841436
2360253
5567682
798500
6555730
5531389
4226365
7130362
6524448
2507967
703882
1139521
2920302
5448470
6267259
5534158
3149432
6709776
5331748
5544825
7136078
4770498
6577521
4007937
240054
4318387
4886688
6550836
4682047
4876793
5975617
253406
2351718
2345198
3597570
7161261
7873623
5828801
1190657
25491
4805942
2132173
3846092
5643969
3847023
2291973
4471772
3179221
3924733
2523720
6026160
2827862
7043635
5957639
3697487
4216593
7764960
5538559
4903261
7899755
194404
6464883
6985096
7333454
7352731
541607
6473841
2701245
3804195
6822417
3800037
7966374
4417766
6915841
1324675
525591
2136177
5330460
2565270
4839519
7627776
7234186
6492248
7414588
5696196
4002605
770647
2511529
5322833
2931378
7822125
5955438
2217144
3487703
7582290
4422391
