775
3075626
211164
2438839
6321261
5424333
5247995
5175415
3195936
6905117
3931177
3698555
902480
6665492
3738506
4098414
7397527
2017917
878767
1651335
4224898
4492046
2052962
5126000
5546365
6488534
7223354
2128646
6367725
1909411
6265322
1862343
5835184
6140013
4377030
5675334
5477063
6757477
5121908
5773433
4265800
2340806
1978942
2471497
6375284
757481
7275782
358948
3508485
2301653
5379659
1754365
7670407
3058883
7021117
1824135
4261345
7872453
7625553
7740169
1365466
4286240
6527576
2251681
1109690
2839142
5943172
6046022
967894
3086082
6574686
3273589
6885416
2720563
2723614
611787
2098890
1173788
5786209
4243055
1526373
7065346
7006901
5121959
3602800
4880457
364524
906341
5435744
6248781
4466359
4927536
1156489
1199788
324995
2574650
5341419
2769694
7892989
1467895
1378715
4334952
6230352
3796000
4655369
7047318
4179841
3192667
439507
4745467
2425062
6527103
6333025
7718176
5806392
2983610
7169540
4694074
6769705
4805236
232648
4432947
6822920
6076490
6669504
4293612
875351
3920118
2974704
7153347
3334879
4482947
419488
2053892
4837930
2085783
6301246
1949002
6487272
1912379
2888348
1928574
472614
6612459
1935279
3294323
7949030
1193810
2643086
2862038
7048186
4578437
2940143
865381
1897384
2197771
7958223
2836265
5521417
1952
5578884
836783
7502240
2258168
925173
1417707
7271444
5513056
3673631
1678544
3910556
7094165
61622
804162
3334139
4525489
7464969
452967
1730714
4232051
7420900
5371654
2136489
3908561
2971315
5611514
3016899
2927123
201356
3721303
3730968
1159020
3848294
291680
1753471
4585552
6855732
5226200
6529916
2072935
3748112
113874
839340
7686268
3700542
3078287
6539909
917561
5178932
5478288
5572342
7202826
25443
7835227
5096137
3103224
4864250
361773
1633615
4525287
7702614
7467279
1096777
2355189
7602269
5614718
5571971
3882090
7296125
5904178
7737371
385537
4625273
2757921
3788273
3261929
6671317
4082004
5745199
5065043
4459004
279464
4019813
3835626
104176
3490061
1113654
7095045
4282034
2431590
7324678
5878006
3890708
217750
3336616
7179325
5785146
527578
4566137
7189775
456313
1501445
4142831
5695981
3530701
2738615
5397005
4019391
6965159
771367
4730281
2869301
1812020
6390676
3744024
2484943
4429560
7198461
3500563
1441641
4012754
761394
7792239
496022
7319350
1741268
293260
3845297
6466261
376937
6469368
4175598
1671257
3692804
1120321
3874383
4814983
4808886
430182
6781897
7698278
7727430
7400430
4856703
4869817
4971103
1540875
2130270
2899055
7447731
5693388
325628
5969493
3916614
863445
515077
1667250
1431390
5934482
5191971
4839949
4134477
1140064
7131552
3400918
5778062
168863
1415860
3953703
1346663
1777454
2997687
1111886
1156249
1785919
6178615
389230
804926
331264
376100
2535123
6350177
5253653
6554624
3190340
87680
2490445
4695913
7738119
6306670
2353055
683214
7225547
2396877
561621
2974630
7230258
6682022
6912481
1440529
3547447
4354876
453469
2740005
572194
6888878
42020
2611406
2252096
6301323
1161090
1451923
3485224
3643103
3867880
3561246
3838379
5090023
6750387
6424273
3460668
1010662
3766754
4407893
7067390
1385816
6842439
1246822
7869236
2954490
7100198
3693508
5321803
5461455
5597875
2707092
570412
4381372
6449008
6556441
3465250
1494474
3201250
212233
7021820
4688814
7347593
3403111
7201697
6364071
1845420
1710899
3888608
3811921
518350
7079877
934814
6947975
4215916
2115123
1152815
4770270
6606038
4544914
2127355
7919330
4475321
2222192
722751
6714785
1412156
7040089
160529
6043560
3747643
6136521
7542371
4474614
1629316
6762837
3693380
2975254
2102691
5191532
5200649
2604002
7075618
38031
4522156
555033
7040450
4371522
40954
3929167
7429025
4989863
1939689
2606429
2475455
3233545
5770423
4595173
5461738
1713717
7594768
7232760
6221168
3329281
569339
3612809
774572
2948040
6851513
5614002
7974351
2126916
700504
2905460
6031331
7246224
4648751
3303669
3799440
5433014
2618615
5855985
7693181
2648474
3859392
25684
7112927
2314394
1579638
6353589
7253026
4853691
4149803
7971253
4167723
6520003
6750183
340702
6969885
1891338
5339182
4595745
6037546
4402791
4816882
3859849
4103263
5293321
7258935
3915564
5101285
1341590
95758
5600529
1647530
7765864
6112049
6305023
4027383
6662982
3141607
5946089
3566295
7361379
3332470
2793219
5258207
5063180
7857366
6520598
2526777
2150348
2944474
1860913
994425
2529902
5103495
6235723
134187
3393192
5422044
6737397
3679382
2764242
807346
3837604
3666097
3212149
6048247
7197376
4983473
2102550
6572541
6953727
7306817
763149
5774605
1857839
7288517
2938305
2788348
7639803
5881773
6907687
2580474
2974934
7672138
5643988
2239054
4426639
1091876
3384702
3332414
7740848
6392131
2992962
6213338
6867014
247903
482447
143571
80673
7870845
1081341
5113652
6582558
7504867
1210366
7233045
6949290
6179553
2749869
7565591
2810620
7596395
7970973
6285268
1128240
3022831
1505794
2027269
2451149
6069104
7731719
309382
2522596
2222929
1944743
2898695
2613565
6016972
7696874
7998607
1957844
4704147
2672597
5131149
3663637
1315717
1479399
6589624
3476754
3977213
5727365
7336554
4770356
2357168
1772822
7221943
1136258
6123655
4501061
7396851
5952810
6283645
3523110
6797282
2304321
2280175
6161577
2573379
627061
7722329
5600549
338942
1456818
5623028
574560
2116245
6653018
2019641
2971615
5851179
474410
852395
3725285
4373699
7881313
4975614
5370852
5678583
3439420
6176756
7640530
2401512
6200175
1078271
2472742
4365451
1932703
7797268
4810456
2072351
82306
4237996
3563588
3015160
6830525
6892137
7110472
4685149
1631756
7021912
7713381
2149546
6601438
3100998
3223120
2074487
4130797
2388258
447679
1068276
4103155
2509284
6559946
219963
4086799
5920756
919483
1708225
3879421
2132605
1683372
7355570
5779105
6562996
7581109
1002849
5956894
6901122
5228576
2579073
305906
5852805
2356064
3741561
6142017
7143920
1325364
4961378
7131113
1656621
5310922
7929107
2817892
4573387
7520048
3155913
2131238
4403874
3827200
2644939
2241156
6769586
7197317
1508000
4142264
5821354
4273228
2402593
6338856
6164630
4502113
6664228
6522
4167592
6176031
6009059
7005327
7527060
1761509
2681835
4119565
5967229
2893197
7924162
2899061
7946214
3406581
2638075
4477045
4245398
784759
6119931
6739586
1316609
6394284
739599
3221586
5262093
885063
