891
7482275
5652740
5071193
4519476
5167948
1580335
166254
3084896
2469038
7572931
1150895
7046084
1113350
5228533
2810062
6302392
4470685
6761388
1041161
4471706
5284779
7161652
5152396
1882150
4131793
1987870
2325168
3384095
7980376
1667273
615544
2857482
228285
7178876
6869782
2289462
3590569
1994404
5928922
5297342
7214311
1152018
1497437
6971849
3394943
337856
5050949
3915703
5269114
5850395
5158007
2352505
6859122
322612
7590925
4180934
843912
5076970
6600684
849262
3431636
1988208
5730901
6925174
5708771
7728946
545851
7235908
4840803
3273105
5647560
5453704
6499478
7532137
2356956
4001564
3891602
1999066
5434087
3154327
4764419
7275346
1212391
5210057
3762543
6355528
7522045
3606740
7511453
3544740
3777362
2859297
5802551
5883980
1603254
5191908
254785
3958223
375767
5740650
3827832
6962336
6051661
201443
6561843
4899813
5662071
2798315
918755
4789312
7845216
2446975
2100156
1754016
5793180
2988698
716723
3868798
987750
7369528
3184220
7640202
4100317
7639786
5221050
6994237
3430846
4648897
1822382
646979
5260896
3310524
3085833
4732995
4495717
3313020
3263713
7566568
1970397
7150189
4416832
5410742
2795080
5347357
6044878
4129178
4114242
4757764
2068341
1595821
6655031
7804260
4537017
7737382
6439669
4541316
3440063
1083628
5036918
1412351
5992618
2700490
6727607
577366
4773988
2380982
4959221
5685897
6092390
1968927
2464553
3970271
3951264
2690505
7419421
4534185
2992141
5368606
6014444
6711592
3789077
6394996
1815880
6370896
1869650
6335301
6290533
6039472
5837520
2041800
2869713
4723481
1971547
7149028
4927266
1298013
2676475
3827194
2046664
7342534
6160180
2668413
6952155
3296647
712479
5580750
1478981
5811170
4960499
4565072
5957652
169516
1475610
7249719
2387290
5654398
7106924
2057984
3773027
7734840
5416351
1883404
4002473
4948498
4590223
3147866
636241
4354299
6202474
3117529
4987539
1430391
204388
4351549
3865820
6292404
7515908
1158624
7359501
4107022
1593507
936351
7032734
3575873
6349620
7268391
6911253
1364727
5798642
5654454
3632268
4353006
6804485
2748086
2133440
5578613
6304702
3977279
3255898
3753061
386165
422887
5636337
6221931
6587318
5829858
2263166
5245627
801980
2626276
2071725
7475453
159720
1825215
4953558
6499999
5257787
7684410
4554760
6336843
5119610
7998734
7238374
5744557
2254853
900495
1585856
7230037
1196037
7042538
6812605
4626135
1886728
2039166
2472552
1114614
1296275
2039865
7826811
7569401
636125
1310855
5251394
5095172
1552692
6699439
4058990
1636230
671791
7856173
7109805
2530707
1869632
4089848
4586461
4885077
3645382
2730280
1307963
7643980
970285
1873919
5957729
7230357
2988342
4387263
600675
6630900
5943563
43092
6864370
3801814
6708772
6664509
7159250
7269893
290978
7151795
1312898
803902
2688311
5267080
993379
5031281
6473513
1051819
6296646
1875154
2479005
752090
2873004
1686655
2958499
2126694
3967638
6947562
3600187
2013079
3750198
4418251
7766488
3026063
6308461
7605951
6335352
6264386
681037
5428324
518133
2900057
2304149
2947350
5029026
3525528
3247475
6048524
2981058
2133671
3614048
3940372
1883649
5605572
2479222
5349271
6116733
5581137
4743697
2284588
3256443
3587510
6275614
1249128
7627354
2300302
1716702
7769897
6456293
5812635
5327495
4124178
2712
1786999
5246610
2135911
1040617
4364917
5539084
6917399
5067071
6709427
408783
1431319
612245
6055375
6949857
7748040
3026044
2142521
4812276
2873268
1116290
7906456
1156415
5020991
4013465
1302331
1271710
206740
1637026
5136405
3234368
5036165
6138268
3780394
979148
3563920
7694764
7643645
6160200
2097866
31357
2278111
5175968
7823579
1042722
991148
1733152
3124172
3892485
5841120
1324740
5470440
3963906
3890815
3997093
756302
1037127
7593675
1781101
3954564
6067980
6187843
3162396
6967995
3943357
973015
4965630
7550714
1588145
3345109
2027813
3174887
4798721
4463745
7035720
3717738
1178010
7427539
6902350
6843879
4547111
6832207
57457
1957940
2208472
2586485
5027140
6602522
435644
860856
4677494
5176456
5564585
5044099
497324
5848381
4061534
1582636
1294924
1540629
6942441
3577709
4683917
6858421
1918967
1015354
7733157
839384
2646040
4504196
5155692
7398372
2445977
3396056
7411795
3342603
1884168
5164365
1101049
1832110
1571321
4915399
18505
5160501
5567271
7907320
1249892
2731033
2761353
5952031
6680897
102999
7604331
2574844
295503
2983430
3566900
7806961
5638396
2039101
2699739
5485768
5816421
6403860
4670137
1937939
6414119
7756265
650172
2920353
3698311
6842530
1431462
7693826
6486751
4319786
7141467
7104655
6055842
3794662
5936368
6548971
6462415
4932162
3045495
694910
5654564
6509875
3542325
4837589
3746554
1292475
2217039
1761904
4832779
2601557
3925647
988131
4715799
455763
3790666
1275347
6923419
3156240
2628372
1257661
7389850
2192397
6977603
5088253
2175918
4342978
5105135
3966233
2603347
4847454
362613
4421308
4178092
1522716
1270046
231262
1677748
7700093
5700869
2847251
778009
7857671
2543560
7201904
2593200
1822932
214828
3775247
3505865
5420703
5399356
5793427
6660418
5441419
5391109
6435261
3495861
4804693
1411209
6921587
5692559
7793209
6277364
2362434
1908079
5231916
1799869
6237003
3677095
5487541
5279158
4381458
2850351
7163415
4479932
3359533
947690
3364608
2456838
4090950
800141
5408379
7606718
5612649
4856074
3854938
6322414
1847829
2526414
2733518
5623143
257809
2943919
838765
3136429
5251689
3511517
3972434
7806597
7228836
2614713
2005403
4704836
4129174
6873049
6634998
7315817
4366291
1305636
7712627
6675877
2018356
4785739
4016730
4737763
5151849
7159433
2346041
1336948
153105
2403318
808163
6134493
942671
6196293
6178456
4911486
5947470
4280399
1204231
3590036
7705784
3985719
3729267
3355834
1980047
3294345
1513633
2257270
1252451
5818405
4623825
656122
3478361
4067152
3268215
5904797
4972550
7378114
4952813
1625141
4303237
887316
6832340
963813
2068947
3913549
1131620
1199215
3433175
6131716
1512269
3074990
291870
1910229
259719
4235080
7948725
1187481
165530
6135346
1173286
1262365
2980038
3806755
4516866
1873871
6310296
1845123
1761277
3944734
6838340
6002422
3375374
6364150
1734760
5754658
4854410
1184555
6142591
5221297
2817203
1607461
2606509
1811264
5736118
3133362
4322343
5970504
2174858
4250699
81900
5406099
3409071
7038883
6788102
3161955
7304768
60389
1415434
4921046
4329552
7916909
2290708
909222
4571664
5844562
3569133
5775583
2641834
3723176
4780707
5824410
7332953
5874625
3321911
973663
912552
3025234
3767726
2815036
6923093
2807241
3878954
4150584
7365078
3174325
7179853
1380902
4137965
7106199
1981091
1119871
1613900
2977258
723003
410969
1219256
4964295
3514170
3920142
4898992
1868281
7740302
7480235
2338823
725203
3618437
7361990
6820194
1580963
1571455
646606
6583078
5805349
3297902
74856
4571581
2320060
6412126
747775
1437357
6115792
6529725
6053903
2675843
1433396
2673311
6198094
4770297
3984090
5873583
4706890
5218658
2583737
4840713
6285451
3318211
6576184
4581046
1401052
583068
3420665
7834114
968143
3669463
818266
3204957
509969
2683853
1752453
1866759
3171754
3748841
2818660
6708800
960446
4701905
4217941
7804719
7586026
4801937
5789690
4076082
6279382
5318605
5458411
5026275
5961738
7879516
2469562
419701
1140652
3450199
1789458
