973
907577
2821895
2044235
5591328
6411978
1482168
7372873
2050585
2187019
5743317
1569296
3290776
4701804
1003609
888511
6905311
5515195
1016324
7891837
4675378
406172
7041607
2706169
4366325
1855775
3756136
6072329
2469362
6255596
795608
2557460
1763570
1217838
2805024
2306496
1573227
4361938
871799
1707687
2595443
6952749
216681
5347191
6173113
1765284
5017479
1627723
5888174
4551030
3240606
2426273
3350182
4480815
4355436
3165880
2055199
4939243
806470
1676476
7189990
6045688
6118320
219786
5256538
6276856
4508497
5053292
3391864
6565904
883020
7908262
2258167
2253124
2089834
7756839
2378272
6263189
2305039
5243194
1791393
4883962
7426932
153740
904205
5521867
7352867
301410
412232
1808820
7013916
4198997
4166547
3435732
5042358
1896555
860781
87559
2946963
357866
4413451
2854929
1671104
1750964
2920593
4497324
408673
1027731
4053715
5932824
6552811
7167540
6778056
2329420
3652450
6459981
3266158
172880
2251672
4201627
4881761
2686188
4486873
3181883
108992
6975534
3316745
3332884
2301884
2277878
3260070
4918459
3129198
685070
3516324
7637162
1589558
5719528
6344097
14359
471903
2136494
3572319
7458380
136246
4327833
119309
5355737
5489752
2702411
7394626
1580397
33121
1418024
5458738
2792126
2852287
6839898
2815505
4898889
6430434
4100743
4712467
6058314
3155317
1137379
6823955
2593222
6396897
5578917
5192004
2196216
6030296
1861503
7300087
2798331
279052
5944632
7154657
7476751
7753698
5004013
1249502
3776589
5560648
7476010
4287912
5821720
5356393
6828628
1537662
3589688
1222017
434083
693803
1725673
5233018
6917913
4124269
4270512
4599447
3359669
4373293
3677793
4251355
1720156
3797638
2495008
744558
5870245
5210642
2083766
7361707
596242
2409072
6754068
4283679
5956824
1457790
5687655
1706271
366530
1607238
1025399
5777218
5780828
2718725
493778
7228512
6357726
4072540
6945398
2579042
5970965
1433861
7188584
3782542
3949758
7251495
4481031
2195850
6420103
864414
5062522
6742490
622653
5591111
7101703
6146548
5582146
3576774
2431924
3111881
2503409
1273257
3451138
6321623
6268907
426883
5560872
4133011
5412873
7449041
5519249
1842520
3946984
44609
6083080
6396316
412614
3973183
3314016
4421015
5534636
2818119
2923763
5449757
1851799
5638393
2033361
218593
6698657
7378260
2721519
5908185
1914068
2909743
5737023
4205819
7651250
1582924
6750196
4062724
3664407
7159045
3518430
7021716
3446906
2001433
340772
6990140
4596027
399223
6176579
6333138
4779273
5898908
803231
162220
2677236
5518689
5387908
2694149
1278035
7720647
3848433
7555144
898312
5015719
7378170
7905391
3305788
76497
4509993
4258864
2318385
4232827
5094310
1873466
2254911
7225232
4566155
1586474
3612304
7091141
876340
5970306
1344443
7058928
6461668
683589
3117518
324775
7629212
892552
4916961
5587333
1729657
6637719
7380947
2215209
4494697
1020925
6235449
7922251
1913504
7087641
4205860
7825660
7023255
5279605
5780177
5761906
7988719
3332779
6198748
6735458
3845913
495603
4045577
5375327
6284815
5942576
4816200
1274423
7846140
1258137
837114
86718
6907184
2865869
2911776
1257235
5831722
6278008
1068163
7259833
4658973
4040265
5782887
3217816
6706633
7246971
3056886
1782352
6462957
2501516
2717664
2143699
4142918
2197117
1323104
2050255
5283416
3992891
3041836
3710406
5752560
5360242
3885173
4452200
4548006
5074558
6665606
5015822
759360
5527224
56860
6353893
5069641
7732949
5130522
7814570
2170811
907399
6744217
5582468
2468361
6490146
5156358
252388
3449970
6487933
1242454
410859
3093212
4013246
2687982
3100499
1687338
1893201
4532820
6042176
2444116
7223744
3442239
4489993
7272730
3744161
3079470
7594079
6093751
3906903
1954818
7146195
67156
6517724
5126348
1583154
5109424
7821129
7127132
4123046
74687
7906137
7494056
5909288
1974945
4307351
2273192
3037474
4614341
6676352
876732
6340045
7012504
4398390
7666482
2803771
7991949
5029403
5638922
7495039
5304544
7428337
5586831
2867964
7672035
7459783
2112461
4330307
6115637
141928
7867293
4942199
4949687
114814
3393341
2122691
6814359
303917
1941021
7239106
122438
6654028
6638590
4954207
7295164
808456
7388138
7206179
6162134
4608537
6863147
4696421
2900263
6288463
2982614
4760152
886815
6240411
1236735
2494826
3841492
2225002
4239146
6021369
1632586
7902052
7880737
6753216
1122194
556656
3460023
3548167
6425494
7895568
3165074
7618059
6959088
1788903
4282012
5071242
1653402
4832150
1505073
7962875
1704150
1603491
6723224
6728030
4237864
491446
5658348
6872610
3266483
1967812
6729993
6797080
2306002
7180935
3521675
7628011
3034193
2744277
2223753
3932431
2362378
3595306
3427863
2189999
296268
5799693
5647909
3897982
6960870
7175826
3942630
4184048
7164447
7614634
7014713
2801873
2876549
6969721
2161482
2384557
7995100
4392821
7452141
2830856
7777552
4989550
506585
2699224
1311099
1670493
3250766
4484671
7396956
6072578
4023637
6653426
4223696
4425785
410634
7310423
7204656
4240152
178749
6374589
3354397
3688100
3688138
3136954
6579237
5557075
1155316
4076565
4256837
7647487
4142895
1809219
7479853
7490983
4650895
44005
3338653
5264013
5184617
1422661
1618095
6771721
1174075
5116739
2283364
6377141
7119992
7057589
129876
3750713
3841358
5674147
972241
6315102
6199553
2013546
1747295
3260341
4674029
1119532
906185
3004273
164558
7543693
3470522
3973320
1395036
1864502
3127598
2578550
293860
7089175
5739664
262070
6725858
3813337
642265
5488723
1950786
7013502
4106648
4558096
183388
3347369
5341222
5111851
1630012
1836924
7407091
2211357
6376802
4809358
5422636
6860640
4504435
3970801
2432176
6849646
3804437
4487862
5313676
3792813
6472049
1951985
1100528
237962
150665
7101616
4092390
4720490
6702823
7177187
2130089
4637886
2082768
2783905
409582
2819557
2685571
5137360
3209991
7666958
7547813
566941
7910683
4739048
7774831
3152068
7672433
3658047
4569528
6366235
1157629
210515
3237740
6603865
1664556
7518732
545175
1464976
50733
157404
800905
3672667
5820316
1090670
2042427
1498403
4750564
7304431
7697283
6570128
1432363
4008980
1096242
3938179
5099819
7286958
6213051
5274016
3123910
5061610
5739
76769
545199
4260364
3734487
1762589
6020613
2048716
2631069
3511816
6559284
5009425
1294839
4748964
7422447
6142034
4190297
7130510
7562408
7557685
621204
915501
6975573
2744260
3556270
4593970
344534
2276831
1681400
6648169
1344223
4848421
6053499
4321613
7987128
1496074
6730845
270929
5382569
6897250
755026
3975533
285037
1611516
6859429
6780104
3806598
7142563
279305
5444877
668358
5695528
7038388
7078753
1365990
2504633
7087076
6330213
3624322
2606129
1667182
7711051
3515991
3931564
2278238
7927914
6619159
6596354
4620369
7096661
7589289
258670
4888725
7714527
4519983
5423635
5794479
2265108
4467887
6567843
1687382
331150
2516656
959173
6154890
4090157
6754980
5046934
3472839
3067807
7543674
6297311
3282702
5024184
7446830
2349127
3870386
1847822
6202034
7364916
7421613
3332556
5104641
3452312
628847
1712195
1181114
1030746
24794
3828001
7526431
6018460
7417459
5803979
2180544
5714829
2801764
3104986
5918911
7253001
122740
2852649
3332083
4497840
1265264
7274092
7569358
7264195
5645372
3158484
3121495
4730470
2778132
2196388
7017492
922512
5197071
3076936
2810423
6142808
5100180
4217806
7727347
6220000
4097463
6003011
7358263
5453709
3435066
7403515
6259149
1129668
4070958
3855639
4844041
5480176
3977173
3272299
2941192
964854
6043627
7062049
4388285
4746728
3958480
1030931
7041709
4238606
3440077
3042149
4574903
7594782
2195439
308546
4440752
7023050
5980325
3192897
4373058
6792023
135850
4391016
7802062
5808772
5976672
2372674
559040
2641779
1405735
1955329
5244948
4864191
7130579
2885666
3638144
2592400
1856213
5303959
7516160
4094929
3829545
6966232
266544
1346630
2110379
1099245
1661764
7403194
6943975
1763282
6173168
5470981
2610171
5597763
3199017
3547149
4124062
824654
1581572
6505111
5163253
