516
5873367
1177284
1967058
2503205
6301953
3793963
6286377
4615356
1120178
3570868
7592009
1209976
230260
829646
7544917
6855550
1792995
2966069
4082950
6036248
4203828
3830408
5822699
4661192
1139241
6459367
7219163
5362804
3548449
4534576
5358233
6959206
6465418
7942654
5256980
2455682
4516182
7811824
2546767
7960210
1996487
2400106
6414159
4888048
5394732
7210051
7674663
7830388
4235239
6705060
6854260
462071
4116822
7002250
3153771
3863365
1821675
6916888
7171017
7630801
2369572
2733390
6255804
152081
3892376
77873
5372715
420039
6203869
267285
4346714
3760669
4939881
2510082
6366566
3850217
7143745
1333475
2621066
7396329
2172059
612241
7943082
7858270
7795754
3574093
336413
6581201
1371488
4156614
3260451
3719514
3958341
7090750
7547670
3324241
3254828
2085873
7828912
6969516
3231223
3491400
6341494
4293099
2332196
4809976
6995128
2825973
124761
3437222
570651
5485989
6266540
5003042
7926566
6110587
3669334
6689493
2088398
3403567
3733015
900222
4095865
3670936
5524718
2656461
1482855
720806
778360
2094582
4265219
3302356
589457
1440223
3311379
6458869
5680268
1833969
5970744
5169810
4110240
7383598
5834941
6656987
2306768
3817892
1506858
7729762
1291274
7117003
5252501
1544331
7975592
7494394
410657
152060
5403664
4105328
435381
5211890
7813556
7856930
4446284
5241803
394781
3694809
6161642
7784344
5615934
1741239
7089311
4861218
7997643
4659907
2850459
4091938
7205830
622221
1511109
3851539
7340285
5250179
6796494
842360
293555
1910809
5063225
454877
3055139
7737156
4904272
2292613
2836004
6750848
4261757
7236097
1888406
5461214
1922558
6420893
3896029
4315968
4271729
2504692
1809431
378454
4178729
3598461
5001810
2606459
6891465
4236660
1620077
3107576
3813150
1761520
2006240
1746145
5036967
2496380
7064105
7476748
3513551
6083090
3446290
5779263
1726285
6358480
1436543
3570491
1749399
1144882
5402388
967333
5563895
5329722
693065
5276544
2506274
7609172
2857797
4586035
2725077
5270867
1059362
4332747
1520245
5390680
5557983
222084
1440283
2818560
3140523
2873911
5012243
3328440
2369998
7570108
4979517
2307196
530404
4478695
922439
7357679
2141848
6729516
1136709
3190801
4921006
3716481
2644618
7181689
7061874
5001379
214091
5964903
3711850
6194248
5260549
5443706
6518120
6185305
1506570
4588411
2119353
7103448
6274370
1398779
7457716
2376310
286101
5405486
5786198
266881
2846952
1085651
5246246
4261695
3286069
567421
7890715
1685570
5530284
5998629
7027128
5917921
4685658
7954508
4756253
7585633
4501838
4259465
3580987
4107487
2594226
1597923
7960556
6965164
298955
4289224
1685028
75800
35686
4601593
4945136
641104
3053211
6980164
4972416
7848050
6432873
564074
4124652
2796115
224795
4367609
7291645
5026091
7591924
7500427
4496281
1025457
4836885
4801825
6565919
2085311
186652
2264090
1749093
2883865
210023
4619893
7152521
6171507
2742920
7468758
6873431
932418
5196489
2317587
2702194
7397761
3123019
4910253
5270280
285421
3914675
7221247
3518511
3641318
2510038
3488399
360645
4657275
3983463
2659653
4417253
7840455
3892244
5628904
5694926
909354
7256597
7635903
5085782
5791361
1047452
205224
1562292
6096879
5057060
4999287
2942418
445008
27407
5960449
100058
1015794
5911448
117159
6495812
6704032
1142150
5429169
2903056
6249642
7784345
2046816
5204325
4719600
5444401
1359356
3133015
4716436
2812700
7207371
7835395
3688292
5713931
3634233
127931
6715540
6540197
1551630
5324922
148971
1941934
2694155
2511448
1474537
7651636
5237962
2136634
6779662
1315407
1458478
3802225
3196111
6207305
7802181
4121470
7694425
2701522
1747439
2523321
7604917
4377355
1829415
2876947
240229
5632003
1204028
2811559
2994456
5676174
3125984
4606542
3293829
3787498
715863
3526910
3773956
6696764
1391275
7479063
58639
2981957
6337069
7861864
2515238
5345117
1389615
7488024
7361610
7647005
1710145
5450805
499600
1574586
2622150
811024
7450102
7816319
2987850
6979386
4764683
6620264
5498716
6669115
6288761
6609999
4255066
3293906
7651355
4733355
4009713
6686184
2356391
218950
5450682
1010682
4850578
3415554
4897986
748325
1942835
6389249
2789467
6625428
3950290
4153417
1330696
3363211
945841
5406526
5683941
