344
475847
2828330
1577632
4143343
491732
6951966
4440315
3796444
41589
52716
3349818
614915
3699673
5226463
908608
1226335
2680041
6924347
3276681
5952157
4197390
3256961
1192551
7412696
3991958
6118865
2095815
4639916
4393496
5008410
726271
5573041
6299285
417872
1574601
811967
1441235
6668906
559619
5503498
1317033
6068302
3307078
4235384
5160356
6259063
7405043
3813182
3325154
2641793
6010822
794918
2458985
1741391
184463
658572
4840419
7394067
1323816
3477369
4255503
1629667
7076149
977885
6788289
2124305
101333
7855965
6900420
98316
5061591
225452
3174790
534517
1212802
4074733
4098250
4591780
1972377
2606091
258391
88921
6838689
5332877
1329383
3933897
5037070
7809485
6221877
2373318
4267370
4869151
771968
4937272
3928079
6244553
7344225
5954464
2192007
5446235
4723780
1512659
308534
6773830
2672478
3739449
1507419
1335110
5524096
4278326
3879166
947837
1193619
835069
4606964
799432
1975577
2669441
2925177
7739459
5506450
4907202
7179407
1079910
2266133
3547437
5363115
6778319
5993462
5040184
4505802
3878676
5390805
2309394
6287755
85155
1492714
3096183
4256359
7343663
1073638
6497411
2018965
2306191
6469706
1574571
5787325
6552983
4189557
7907983
2648588
7447516
4689253
3971307
1937857
2499295
3686238
7201371
3087314
4109456
1387365
3638303
3326898
3574185
2005988
3010983
611557
7220951
5943115
1142804
5150051
3552542
1007618
1552747
2910327
2273928
1050518
2126764
476452
76927
6388317
6734484
2632107
2057681
2390406
3666217
45649
5641954
2605527
6765285
6431729
7893237
802303
1130655
2564476
3078663
2298822
5264887
6517245
3367740
2956298
7542400
3503925
5538894
2211778
873043
6696808
4568822
2524923
5435984
2396025
4979662
5613848
3358905
6925541
6818976
1855024
7217520
630713
1147536
7222243
6230392
2352415
3909936
4139642
24076
5752714
7063006
4623799
3843566
4867125
7837047
89881
7083056
2258411
7004867
4196859
5012012
7146962
5033644
5106788
1571566
892723
2994588
5533143
3116208
1203692
1105425
2953226
975800
6445979
5780689
4359626
6712901
3430427
2064826
3925750
5950403
50793
2323114
5960410
2644482
6148500
4065395
1526480
7677857
7978939
3777612
1098604
3648364
7654345
7636170
3634980
7727847
938227
5980103
438194
4466353
766367
416052
2180127
2416644
7869376
6431061
7465919
6454023
7871819
4388180
1311993
3666472
4242892
5779885
1913149
6690096
2473675
3614307
73713
364890
6855938
1809274
5677756
7585810
5237510
469172
1573367
4224163
7129216
7919605
7245993
6994301
2538369
374880
655847
4140638
6903835
113302
614365
819971
7507646
5035273
6074740
5054118
4738190
479217
2711507
6127868
7579956
6170306
1164198
7307241
4704838
1177005
1320057
753061
6540013
3750424
3010815
6504849
7687369
921492
1498532
3410013
1069504
730932
